"Purchase"	"WeekofPurchase"	"StoreID"	"PriceCH"	"PriceMM"	"DiscCH"	"DiscMM"	"SpecialCH"	"SpecialMM"	"LoyalCH"	"SalePriceMM"	"SalePriceCH"	"PriceDiff"	"Store7"	"PctDiscMM"	"PctDiscCH"	"ListPriceDiff"	"STORE"	"logpurch"
"CH"	237	1	0	1.99	0	0	0	0	0.5	1.99	1.75	0.24	"No"	0	0	0.24	1	5.46806014113513
"CH"	239	1	0	1.99	0	0.3	0	1	0.6	1.69	1.75	-0.06	"No"	0.150754	0	0.24	1	5.47646355193151
"CH"	245	1	0	2.09	0.17	0	0	0	0.68	2.09	1.69	0.4	"No"	0	0.091398	0.23	1	5.50125821054473
"MM"	227	1	0	1.69	0	0	0	0	0.4	1.69	1.69	0	"No"	0	0	0	1	5.4249500174814
"CH"	228	7	0	1.69	0	0	0	0	0.956535	1.69	1.69	0	"Yes"	0	0	0	0	5.42934562895444
"CH"	230	7	0	1.99	0	0	0	1	0.965228	1.99	1.69	0.3	"Yes"	0	0	0.3	0	5.4380793089232
"CH"	232	7	0	1.99	0	0.4	1	1	0.972182	1.59	1.69	-0.1	"Yes"	0.201005	0	0.3	0	5.44673737166631
"CH"	234	7	0	1.99	0	0.4	1	0	0.977746	1.59	1.75	-0.16	"Yes"	0.201005	0	0.24	0	5.4553211153577
"CH"	235	7	0	1.99	0	0.4	0	0	0.982197	1.59	1.75	-0.16	"Yes"	0.201005	0	0.24	0	5.45958551414416
"CH"	238	7	0	1.99	0	0.4	0	0	0.985757	1.59	1.75	-0.16	"Yes"	0.201005	0	0.24	0	5.47227067367148
"CH"	240	7	0	2.09	0	0	0	0	0.988606	2.09	1.86	0.23	"Yes"	0	0	0.23	0	5.48063892334199
"CH"	263	7	0	2.13	0.27	0	0	0	0.990885	2.13	1.59	0.54	"Yes"	0	0.145161	0.27	0	5.57215403217776
"CH"	276	7	1	2.13	0	0.54	0	1	0.992708	1.59	1.99	-0.4	"Yes"	0.253521	0	0.14	0	5.62040086571715
"CH"	268	7	0	2.13	0	0	0	0	0.68	2.13	1.86	0.27	"Yes"	0	0	0.27	0	5.59098698051086
"CH"	278	7	1	2.13	0	0	0	0	0.744	2.13	2.06	0.07	"Yes"	0	0	0.07	0	5.62762111369064
"CH"	278	7	1	2.13	0	0	0	0	0.7952	2.13	2.06	0.07	"Yes"	0	0	0.07	0	5.62762111369064
"MM"	240	1	0	1.99	0	0.3	0	1	0.5	1.69	1.75	-0.06	"No"	0.150754	0	0.24	1	5.48063892334199
"MM"	268	2	0	2.18	0	0	0	1	0.4	2.18	1.86	0.32	"No"	0	0	0.32	2	5.59098698051086
"MM"	269	2	0	2.18	0	0	0	0	0.32	2.18	1.86	0.32	"No"	0	0	0.32	2	5.59471137960184
"CH"	254	7	0	2.18	0	0	0	0	0.5	2.18	1.86	0.32	"Yes"	0	0	0.32	0	5.53733426701854
"CH"	257	7	0	2.18	0	0	0	0	0.6	2.18	1.86	0.32	"Yes"	0	0	0.32	0	5.54907608489522
"CH"	258	1	0	2.18	0	0	0	0	0.68	2.18	1.76	0.42	"No"	0	0	0.42	1	5.55295958492162
"CH"	259	7	0	2.18	0	0	0	0	0.744	2.18	1.86	0.32	"Yes"	0	0	0.32	0	5.55682806169954
"CH"	264	7	0	2.13	0.37	0	1	0	0.7952	2.13	1.49	0.64	"Yes"	0	0.198925	0.27	0	5.57594910314632
"CH"	268	7	0	2.13	0	0	0	0	0.83616	2.13	1.86	0.27	"Yes"	0	0	0.27	0	5.59098698051086
"CH"	269	7	0	2.13	0.27	0	1	0	0.868928	2.13	1.59	0.54	"Yes"	0	0.145161	0.27	0	5.59471137960184
"CH"	271	7	0	2.13	0	0	0	0	0.895142	2.13	1.86	0.27	"Yes"	0	0	0.27	0	5.6021188208797
"CH"	272	7	0	2.13	0	0	0	0	0.916114	2.13	1.86	0.27	"Yes"	0	0	0.27	0	5.605802066296
"CH"	274	7	0	2.13	0.47	0.54	1	0	0.932891	1.59	1.39	0.2	"Yes"	0.253521	0.252688	0.27	0	5.61312810638807
"CH"	278	7	1	2.13	0	0	0	0	0.946313	2.13	2.06	0.07	"Yes"	0	0	0.07	0	5.62762111369064
"CH"	246	2	1	2.09	0	0	0	0	0.5	2.09	1.89	0.2	"No"	0	0	0.2	2	5.50533153593236
"CH"	265	7	0	2.13	0.37	0	1	0	0.6	2.13	1.49	0.64	"Yes"	0	0.198925	0.27	0	5.57972982598622
"MM"	275	2	1	2.18	0	0.8	0	1	0.68	1.38	1.96	-0.58	"No"	0.366972	0	0.22	2	5.61677109766657
"MM"	232	2	0	1.69	0	0	1	0	0.68	1.69	1.69	0	"No"	0	0	0	2	5.44673737166631
"CH"	251	3	1	2.23	0	0	0	0	0.544	2.23	1.99	0.24	"No"	0	0	0.24	3	5.52545293913178
"CH"	256	3	1	2.29	0	0	0	0	0.6352	2.29	1.99	0.3	"No"	0	0	0.3	3	5.54517744447956
"CH"	258	1	0	2.18	0	0	0	0	0.70816	2.18	1.76	0.42	"No"	0	0	0.42	1	5.55295958492162
"CH"	277	1	1	2.13	0.24	0	0	0	0.7952	2.13	1.75	0.38	"No"	0	0.120603	0.14	1	5.62401750618734
"CH"	271	4	1	2.09	0.1	0.4	1	0	0.4	1.69	1.89	-0.2	"No"	0.191388	0.050251	0.1	4	5.6021188208797
"CH"	227	4	0	1.79	0	0	0	1	0.920961	1.79	1.79	0	"No"	0	0	0	4	5.4249500174814
"CH"	229	4	0	1.79	0	0	0	0	0.936769	1.79	1.79	0	"No"	0	0	0	4	5.43372200355424
"CH"	230	4	0	1.79	0	0	0	0	0.949415	1.79	1.79	0	"No"	0	0	0	4	5.4380793089232
"CH"	233	4	0	2.09	0	0	0	0	0.959532	2.09	1.79	0.3	"No"	0	0	0.3	4	5.4510384535657
"CH"	236	4	0	2.09	0	0	0	0	0.967626	2.09	1.79	0.3	"No"	0	0	0.3	4	5.46383180502561
"MM"	237	4	0	2.09	0	0	0	0	0.9741	2.09	1.79	0.3	"No"	0	0	0.3	4	5.46806014113513
"CH"	240	4	0	2.23	0	0	0	0	0.77928	2.23	1.79	0.44	"No"	0	0	0.44	4	5.48063892334199
"CH"	244	4	1	2.23	0	0	0	0	0.823424	2.23	1.99	0.24	"No"	0	0	0.24	4	5.4971682252932
"CH"	245	4	1	2.23	0	0	0	0	0.858739	2.23	1.99	0.24	"No"	0	0	0.24	4	5.50125821054473
"CH"	246	4	1	2.23	0	0	0	0	0.886992	2.23	1.99	0.24	"No"	0	0	0.24	4	5.50533153593236
"CH"	247	4	1	2.23	0	0	0	0	0.909593	2.23	1.99	0.24	"No"	0	0	0.24	4	5.50938833662798
"MM"	248	4	1	2.23	0	0	0	0	0.927675	2.23	1.99	0.24	"No"	0	0	0.24	4	5.51342874616498
"CH"	249	4	1	2.23	0	0	0	0	0.74214	2.23	1.99	0.24	"No"	0	0	0.24	4	5.51745289646471
"CH"	252	4	1	2.23	0	0	0	0	0.793712	2.23	1.99	0.24	"No"	0	0	0.24	4	5.52942908751142
"MM"	254	4	1	2.29	0	0	1	0	0.834969	2.29	1.99	0.3	"No"	0	0	0.3	4	5.53733426701854
"CH"	256	4	1	2.29	0	0	0	0	0.667976	2.29	1.99	0.3	"No"	0	0	0.3	4	5.54517744447956
"CH"	256	4	1	2.29	0	0	0	0	0.73438	2.29	1.99	0.3	"No"	0	0	0.3	4	5.54517744447956
"CH"	257	4	1	2.29	0	0.4	0	1	0.787504	1.89	1.99	-0.1	"No"	0.174672	0	0.3	4	5.54907608489522
"CH"	258	4	1	2.29	0	0	0	0	0.830003	2.29	1.99	0.3	"No"	0	0	0.3	4	5.55295958492162
"CH"	258	7	0	2.18	0	0	0	0	0.864003	2.18	1.86	0.32	"Yes"	0	0	0.32	0	5.55295958492162
"CH"	259	4	1	2.29	0	0	0	0	0.891202	2.29	1.99	0.3	"No"	0	0	0.3	4	5.55682806169954
"CH"	260	4	1	2.09	0	0	0	0	0.912962	2.09	1.99	0.1	"No"	0	0	0.1	4	5.56068163101553
"CH"	263	4	1	2.09	0	0	0	0	0.930369	2.09	1.99	0.1	"No"	0	0	0.1	4	5.57215403217776
"MM"	265	4	1	2.09	0.1	0	0	0	0.944296	2.09	1.89	0.2	"No"	0	0.050251	0.1	4	5.57972982598622
"CH"	265	4	1	2.09	0.1	0	0	0	0.755436	2.09	1.89	0.2	"No"	0	0.050251	0.1	4	5.57972982598622
"CH"	266	4	1	2.09	0.1	0	0	0	0.804349	2.09	1.89	0.2	"No"	0	0.050251	0.1	4	5.5834963087817
"CH"	267	4	1	2.09	0.1	0	0	0	0.843479	2.09	1.89	0.2	"No"	0	0.050251	0.1	4	5.58724865840025
"MM"	269	4	1	2.09	0.1	0	0	0	0.874783	2.09	1.89	0.2	"No"	0	0.050251	0.1	4	5.59471137960184
"MM"	270	4	1	2.09	0.1	0	0	0	0.699827	2.09	1.89	0.2	"No"	0	0.050251	0.1	4	5.59842195899838
"CH"	272	4	1	2.09	0	0.4	0	0	0.559861	1.69	1.99	-0.3	"No"	0.191388	0	0.1	4	5.605802066296
"CH"	272	4	1	2.09	0	0.4	0	0	0.647889	1.69	1.99	-0.3	"No"	0.191388	0	0.1	4	5.605802066296
"CH"	274	4	1	2.09	0	0.4	0	0	0.718311	1.69	1.99	-0.3	"No"	0.191388	0	0.1	4	5.61312810638807
"CH"	275	4	1	2.09	0	0.4	0	0	0.774649	1.69	2.09	-0.4	"No"	0.191388	0	0	4	5.61677109766657
"CH"	276	4	1	2.09	0.2	0.4	0	0	0.819719	1.69	1.89	-0.2	"No"	0.191388	0.095694	0	4	5.62040086571715
"CH"	278	4	1	2.09	0.2	0	0	0	0.855775	2.09	1.89	0.2	"No"	0	0.095694	0	4	5.62762111369064
"CH"	230	7	0	1.99	0	0	0	1	0.68	1.99	1.69	0.3	"Yes"	0	0	0.3	0	5.4380793089232
"CH"	238	4	0	2.09	0	0	0	0	0.744	2.09	1.79	0.3	"No"	0	0	0.3	4	5.47227067367148
"CH"	239	4	0	2.23	0	0	0	0	0.7952	2.23	1.79	0.44	"No"	0	0	0.44	4	5.47646355193151
"CH"	251	4	1	2.23	0	0	0	0	0.83616	2.23	1.99	0.24	"No"	0	0	0.24	4	5.52545293913178
"CH"	252	2	1	2.09	0.13	0	0	0	0.868928	2.09	1.76	0.33	"No"	0	0.068783	0.2	2	5.52942908751142
"CH"	255	4	1	2.29	0	0	0	0	0.895142	2.29	1.99	0.3	"No"	0	0	0.3	4	5.54126354515843
"CH"	263	4	1	2.09	0	0	0	0	0.916114	2.09	1.99	0.1	"No"	0	0	0.1	4	5.57215403217776
"CH"	264	4	1	2.09	0.1	0	0	0	0.932891	2.09	1.89	0.2	"No"	0	0.050251	0.1	4	5.57594910314632
"CH"	269	4	1	2.09	0.1	0	0	0	0.946313	2.09	1.89	0.2	"No"	0	0.050251	0.1	4	5.59471137960184
"CH"	273	4	1	2.09	0	0.4	0	0	0.95705	1.69	1.99	-0.3	"No"	0.191388	0	0.1	4	5.60947179518496
"CH"	275	4	1	2.09	0	0.4	0	0	0.96564	1.69	2.09	-0.4	"No"	0.191388	0	0	4	5.61677109766657
"CH"	276	2	1	2.18	0	0	0	1	0.972512	2.18	1.99	0.19	"No"	0	0	0.19	2	5.62040086571715
"CH"	277	4	1	2.09	0.2	0.4	0	0	0.97801	1.69	1.89	-0.2	"No"	0.191388	0.095694	0	4	5.62401750618734
"CH"	252	4	1	2.23	0	0	0	0	0.68	2.23	1.99	0.24	"No"	0	0	0.24	4	5.52942908751142
"CH"	275	4	1	2.09	0	0.4	0	0	0.744	1.69	2.09	-0.4	"No"	0.191388	0	0	4	5.61677109766657
"CH"	277	3	1	2.09	0.2	0.4	0	0	0.7952	1.69	1.89	-0.2	"No"	0.191388	0.095694	0	3	5.62401750618734
"CH"	237	4	0	2.09	0	0	0	0	0.5	2.09	1.79	0.3	"No"	0	0	0.3	4	5.46806014113513
"CH"	269	4	1	2.09	0.1	0	0	0	0.6	2.09	1.89	0.2	"No"	0	0.050251	0.1	4	5.59471137960184
"CH"	242	4	1	2.23	0	0	0	0	0.5	2.23	1.99	0.24	"No"	0	0	0.24	4	5.48893772615669
"CH"	244	7	0	2.09	0	0.2	0	0	0.6	1.89	1.86	0.03	"Yes"	0.095694	0	0.23	0	5.4971682252932
"CH"	241	2	0	1.99	0	0.3	0	1	0.5	1.69	1.75	-0.06	"No"	0.150754	0	0.24	2	5.48479693349065
"CH"	277	2	1	2.18	0	0	0	0	0.6	2.18	1.99	0.19	"No"	0	0	0.19	2	5.62401750618734
"CH"	277	7	1	2.13	0.5	0	0	1	0.4	2.13	1.49	0.64	"Yes"	0	0.251256	0.14	0	5.62401750618734
"CH"	227	2	0	1.69	0	0	0	0	0.744	1.69	1.69	0	"No"	0	0	0	2	5.4249500174814
"CH"	229	2	0	1.69	0	0	0	0	0.7952	1.69	1.69	0	"No"	0	0	0	2	5.43372200355424
"CH"	234	2	0	1.99	0	0	0	0	0.83616	1.99	1.69	0.3	"No"	0	0	0.3	2	5.4553211153577
"CH"	236	2	0	1.99	0	0	0	0	0.868928	1.99	1.75	0.24	"No"	0	0	0.24	2	5.46383180502561
"CH"	237	2	0	1.99	0	0	0	0	0.895142	1.99	1.75	0.24	"No"	0	0	0.24	2	5.46806014113513
"CH"	240	2	0	1.99	0	0.3	0	1	0.916114	1.69	1.75	-0.06	"No"	0.150754	0	0.24	2	5.48063892334199
"MM"	241	2	0	1.99	0	0.3	0	1	0.932891	1.69	1.75	-0.06	"No"	0.150754	0	0.24	2	5.48479693349065
"CH"	243	2	0	2.09	0	0	0	1	0.746313	2.09	1.86	0.23	"No"	0	0	0.23	2	5.49306144334055
"CH"	245	2	1	2.09	0	0	0	0	0.79705	2.09	1.89	0.2	"No"	0	0	0.2	2	5.50125821054473
"CH"	245	1	0	2.09	0.17	0	0	0	0.83764	2.09	1.69	0.4	"No"	0	0.091398	0.23	1	5.50125821054473
"CH"	248	2	1	2.09	0	0	0	0	0.870112	2.09	1.89	0.2	"No"	0	0	0.2	2	5.51342874616498
"CH"	248	2	1	2.09	0	0	0	0	0.89609	2.09	1.89	0.2	"No"	0	0	0.2	2	5.51342874616498
"CH"	249	2	1	2.09	0	0	0	0	0.916872	2.09	1.89	0.2	"No"	0	0	0.2	2	5.51745289646471
"CH"	249	1	0	2.09	0	0	0	0	0.933497	2.09	1.86	0.23	"No"	0	0	0.23	1	5.51745289646471
"MM"	251	3	1	2.23	0	0	0	0	0.946798	2.23	1.99	0.24	"No"	0	0	0.24	3	5.52545293913178
"CH"	253	2	1	2.09	0.13	0	0	0	0.757438	2.09	1.76	0.33	"No"	0	0.068783	0.2	2	5.53338948872752
"CH"	254	2	1	2.09	0.13	0	0	0	0.805951	2.09	1.76	0.33	"No"	0	0.068783	0.2	2	5.53733426701854
"CH"	255	2	1	2.18	0.13	0	0	0	0.844761	2.18	1.76	0.42	"No"	0	0.068783	0.29	2	5.54126354515843
"CH"	257	3	1	2.29	0	0.4	0	1	0.875808	1.89	1.99	-0.1	"No"	0.174672	0	0.3	3	5.54907608489522
"CH"	257	2	0	2.18	0	0	0	0	0.900647	2.18	1.86	0.32	"No"	0	0	0.32	2	5.54907608489522
"CH"	258	2	0	2.18	0	0	0	0	0.920517	2.18	1.86	0.32	"No"	0	0	0.32	2	5.55295958492162
"CH"	259	3	1	2.29	0	0	0	0	0.936414	2.29	1.99	0.3	"No"	0	0	0.3	3	5.55682806169954
"CH"	259	2	0	2.18	0	0.4	0	1	0.949131	1.78	1.86	-0.08	"No"	0.183486	0	0.32	2	5.55682806169954
"CH"	260	2	0	2.18	0	0.7	0	0	0.959305	1.48	1.86	-0.38	"No"	0.321101	0	0.32	2	5.56068163101553
"CH"	261	1	0	1.99	0	0	0	0	0.967444	1.99	1.76	0.23	"No"	0	0	0.23	1	5.56452040732269
"CH"	261	2	0	2.18	0	0	0	0	0.973955	2.18	1.86	0.32	"No"	0	0	0.32	2	5.56452040732269
"CH"	263	2	0	2.18	0	0	0	1	0.979164	2.18	1.86	0.32	"No"	0	0	0.32	2	5.57215403217776
"MM"	264	2	0	2.18	0	0	0	0	0.983331	2.18	1.86	0.32	"No"	0	0	0.32	2	5.57594910314632
"CH"	265	2	0	2.18	0	0	0	0	0.786665	2.18	1.86	0.32	"No"	0	0	0.32	2	5.57972982598622
"CH"	266	1	0	1.99	0	0.1	0	0	0.829332	1.89	1.86	0.03	"No"	0.050251	0	0.13	1	5.5834963087817
"CH"	266	2	0	2.18	0	0	0	0	0.863466	2.18	1.86	0.32	"No"	0	0	0.32	2	5.5834963087817
"CH"	267	2	0	2.18	0	0.4	0	1	0.890772	1.78	1.86	-0.08	"No"	0.183486	0	0.32	2	5.58724865840025
"CH"	270	2	0	2.18	0	0	0	0	0.912618	2.18	1.86	0.32	"No"	0	0	0.32	2	5.59842195899838
"CH"	270	1	0	2.18	0	0	0	0	0.930094	2.18	1.86	0.32	"No"	0	0	0.32	1	5.59842195899838
"CH"	271	2	0	2.18	0	0.06	0	0	0.944076	2.12	1.86	0.26	"No"	0.027523	0	0.32	2	5.6021188208797
"CH"	272	2	0	2.18	0	0.06	0	0	0.95526	2.12	1.86	0.26	"No"	0.027523	0	0.32	2	5.605802066296
"CH"	273	7	0	2.13	0	0.54	0	0	0.964208	1.59	1.86	-0.27	"Yes"	0.253521	0	0.27	0	5.60947179518496
"CH"	273	1	0	2.18	0	0	0	0	0.971367	2.18	1.86	0.32	"No"	0	0	0.32	1	5.60947179518496
"CH"	274	2	1	2.18	0	0.8	0	1	0.977093	1.38	1.96	-0.58	"No"	0.366972	0	0.22	2	5.61312810638807
"CH"	275	2	1	2.18	0	0.8	0	1	0.981675	1.38	1.96	-0.58	"No"	0.366972	0	0.22	2	5.61677109766657
"CH"	276	7	1	2.13	0	0.54	0	1	0.98534	1.59	1.99	-0.4	"Yes"	0.253521	0	0.14	0	5.62040086571715
"CH"	278	2	1	2.18	0	0	0	0	0.988272	2.18	1.99	0.19	"No"	0	0	0.19	2	5.62762111369064
"CH"	242	3	1	2.23	0	0	0	0	0.6	2.23	1.99	0.24	"No"	0	0	0.24	3	5.48893772615669
"CH"	237	1	0	1.99	0	0	0	0	0.52	1.99	1.75	0.24	"No"	0	0	0.24	1	5.46806014113513
"CH"	251	4	1	2.23	0	0	0	0	0.5	2.23	1.99	0.24	"No"	0	0	0.24	4	5.52545293913178
"MM"	255	4	1	2.29	0	0	0	0	0.6	2.29	1.99	0.3	"No"	0	0	0.3	4	5.54126354515843
"MM"	261	7	0	2.13	0	0.24	0	0	0.48	1.89	1.86	0.03	"Yes"	0.112676	0	0.27	0	5.56452040732269
"CH"	277	4	1	2.09	0.2	0.4	0	0	0.384	1.69	1.89	-0.2	"No"	0.191388	0.095694	0	4	5.62401750618734
"MM"	233	7	0	1.99	0	0.4	1	0	0.5	1.59	1.75	-0.16	"Yes"	0.201005	0	0.24	0	5.4510384535657
"MM"	236	7	0	1.99	0	0.4	0	0	0.4	1.59	1.75	-0.16	"Yes"	0.201005	0	0.24	0	5.46383180502561
"MM"	243	7	0	2.09	0	0.2	0	0	0.32	1.89	1.86	0.03	"Yes"	0.095694	0	0.23	0	5.49306144334055
"MM"	244	7	0	2.09	0	0.2	0	0	0.256	1.89	1.86	0.03	"Yes"	0.095694	0	0.23	0	5.4971682252932
"MM"	245	7	0	2.09	0	0.2	0	0	0.2048	1.89	1.86	0.03	"Yes"	0.095694	0	0.23	0	5.50125821054473
"MM"	252	7	0	2.09	0.1	0	0	0	0.16384	2.09	1.76	0.33	"Yes"	0	0.053763	0.23	0	5.52942908751142
"MM"	277	7	1	2.13	0.5	0	0	1	0.131072	2.13	1.49	0.64	"Yes"	0	0.251256	0.14	0	5.62401750618734
"CH"	228	4	0	1.79	0	0	0	0	0.83616	1.79	1.79	0	"No"	0	0	0	4	5.42934562895444
"CH"	230	3	0	1.79	0	0	0	0	0.868928	1.79	1.79	0	"No"	0	0	0	3	5.4380793089232
"CH"	231	3	0	1.79	0	0	0	0	0.895142	1.79	1.79	0	"No"	0	0	0	3	5.44241771052179
"CH"	233	1	0	1.99	0	0	0	0	0.916114	1.99	1.69	0.3	"No"	0	0	0.3	1	5.4510384535657
"CH"	263	4	1	2.09	0	0	0	0	0.932891	2.09	1.99	0.1	"No"	0	0	0.1	4	5.57215403217776
"CH"	264	4	1	2.09	0.1	0	0	0	0.946313	2.09	1.89	0.2	"No"	0	0.050251	0.1	4	5.57594910314632
"CH"	265	4	1	2.09	0.1	0	0	0	0.95705	2.09	1.89	0.2	"No"	0	0.050251	0.1	4	5.57972982598622
"CH"	266	4	1	2.09	0.1	0	0	0	0.96564	2.09	1.89	0.2	"No"	0	0.050251	0.1	4	5.5834963087817
"CH"	267	4	1	2.09	0.1	0	0	0	0.972512	2.09	1.89	0.2	"No"	0	0.050251	0.1	4	5.58724865840025
"CH"	269	4	1	2.09	0.1	0	0	0	0.97801	2.09	1.89	0.2	"No"	0	0.050251	0.1	4	5.59471137960184
"CH"	270	1	0	2.18	0	0	0	0	0.982408	2.18	1.86	0.32	"No"	0	0	0.32	1	5.59842195899838
"CH"	271	4	1	2.09	0.1	0.4	1	0	0.985926	1.69	1.89	-0.2	"No"	0.191388	0.050251	0.1	4	5.6021188208797
"CH"	272	4	1	2.09	0	0.4	0	0	0.988741	1.69	1.99	-0.3	"No"	0.191388	0	0.1	4	5.605802066296
"CH"	274	4	1	2.09	0	0.4	0	0	0.990993	1.69	1.99	-0.3	"No"	0.191388	0	0.1	4	5.61312810638807
"CH"	276	4	1	2.09	0.2	0.4	0	0	0.992794	1.69	1.89	-0.2	"No"	0.191388	0.095694	0	4	5.62040086571715
"CH"	277	4	1	2.09	0.2	0.4	0	0	0.994235	1.69	1.89	-0.2	"No"	0.191388	0.095694	0	4	5.62401750618734
"CH"	278	3	1	2.09	0.2	0	0	0	0.995388	2.09	1.89	0.2	"No"	0	0.095694	0	3	5.62762111369064
"CH"	269	2	0	2.18	0	0	0	0	0.6	2.18	1.86	0.32	"No"	0	0	0.32	2	5.59471137960184
"CH"	229	7	0	1.69	0	0.2	0	1	0.95705	1.49	1.69	-0.2	"Yes"	0.118343	0	0	0	5.43372200355424
"CH"	230	7	0	1.99	0	0	0	1	0.96564	1.99	1.69	0.3	"Yes"	0	0	0.3	0	5.4380793089232
"CH"	231	4	0	1.79	0	0	0	0	0.972512	1.79	1.79	0	"No"	0	0	0	4	5.44241771052179
"CH"	233	4	0	2.09	0	0	0	0	0.97801	2.09	1.79	0.3	"No"	0	0	0.3	4	5.4510384535657
"CH"	239	7	0	2.09	0	0	0	0	0.982408	2.09	1.79	0.3	"Yes"	0	0	0.3	0	5.47646355193151
"CH"	240	4	0	2.23	0	0	0	0	0.985926	2.23	1.79	0.44	"No"	0	0	0.44	4	5.48063892334199
"CH"	242	7	0	2.09	0	0	0	0	0.988741	2.09	1.86	0.23	"Yes"	0	0	0.23	0	5.48893772615669
"CH"	243	4	1	2.23	0	0	0	0	0.990993	2.23	1.99	0.24	"No"	0	0	0.24	4	5.49306144334055
"CH"	244	7	0	2.09	0	0.2	0	0	0.992794	1.89	1.86	0.03	"Yes"	0.095694	0	0.23	0	5.4971682252932
"CH"	246	4	1	2.23	0	0	0	0	0.994235	2.23	1.99	0.24	"No"	0	0	0.24	4	5.50533153593236
"CH"	249	4	1	2.23	0	0	0	0	0.995388	2.23	1.99	0.24	"No"	0	0	0.24	4	5.51745289646471
"CH"	250	7	0	2.09	0	0	0	0	0.996311	2.09	1.86	0.23	"Yes"	0	0	0.23	0	5.52146091786225
"CH"	251	4	1	2.23	0	0	0	0	0.997049	2.23	1.99	0.24	"No"	0	0	0.24	4	5.52545293913178
"CH"	254	4	1	2.29	0	0	1	0	0.997639	2.29	1.99	0.3	"No"	0	0	0.3	4	5.53733426701854
"CH"	255	4	1	2.29	0	0	0	0	0.998111	2.29	1.99	0.3	"No"	0	0	0.3	4	5.54126354515843
"CH"	257	4	1	2.29	0	0.4	0	1	0.998489	1.89	1.99	-0.1	"No"	0.174672	0	0.3	4	5.54907608489522
"CH"	260	4	1	2.09	0	0	0	0	0.998791	2.09	1.99	0.1	"No"	0	0	0.1	4	5.56068163101553
"CH"	261	4	1	2.09	0	0	0	0	0.999033	2.09	1.99	0.1	"No"	0	0	0.1	4	5.56452040732269
"CH"	262	4	1	2.09	0	0	0	0	0.999226	2.09	1.99	0.1	"No"	0	0	0.1	4	5.5683445037611
"CH"	264	4	1	2.09	0.1	0	0	0	0.999381	2.09	1.89	0.2	"No"	0	0.050251	0.1	4	5.57594910314632
"CH"	265	4	1	2.09	0.1	0	0	0	0.999505	2.09	1.89	0.2	"No"	0	0.050251	0.1	4	5.57972982598622
"CH"	266	7	0	2.13	0.37	0	1	0	0.999604	2.13	1.49	0.64	"Yes"	0	0.198925	0.27	0	5.5834963087817
"CH"	267	7	0	2.13	0	0	1	0	0.999683	2.13	1.86	0.27	"Yes"	0	0	0.27	0	5.58724865840025
"CH"	269	7	0	2.13	0.27	0	1	0	0.999746	2.13	1.59	0.54	"Yes"	0	0.145161	0.27	0	5.59471137960184
"CH"	271	4	1	2.09	0.1	0.4	1	0	0.999797	1.69	1.89	-0.2	"No"	0.191388	0.050251	0.1	4	5.6021188208797
"CH"	272	4	1	2.09	0	0.4	0	0	0.999838	1.69	1.99	-0.3	"No"	0.191388	0	0.1	4	5.605802066296
"CH"	274	4	1	2.09	0	0.4	0	0	0.99987	1.69	1.99	-0.3	"No"	0.191388	0	0.1	4	5.61312810638807
"CH"	275	7	1	2.13	0	0.54	1	0	0.999896	1.59	1.99	-0.4	"Yes"	0.253521	0	0.14	0	5.61677109766657
"CH"	276	4	1	2.09	0.2	0.4	0	0	0.999917	1.69	1.89	-0.2	"No"	0.191388	0.095694	0	4	5.62040086571715
"CH"	277	7	1	2.13	0.5	0	0	1	0.999934	2.13	1.49	0.64	"Yes"	0	0.251256	0.14	0	5.62401750618734
"CH"	278	4	1	2.09	0.2	0	0	0	0.999947	2.09	1.89	0.2	"No"	0	0.095694	0	4	5.62762111369064
"MM"	229	7	0	1.69	0	0.2	0	1	0.68	1.49	1.69	-0.2	"Yes"	0.118343	0	0	0	5.43372200355424
"CH"	230	7	0	1.99	0	0	0	1	0.544	1.99	1.69	0.3	"Yes"	0	0	0.3	0	5.4380793089232
"CH"	231	7	0	1.99	0	0	0	0	0.6352	1.99	1.69	0.3	"Yes"	0	0	0.3	0	5.44241771052179
"CH"	233	7	0	1.99	0	0.4	1	0	0.70816	1.59	1.75	-0.16	"Yes"	0.201005	0	0.24	0	5.4510384535657
"CH"	237	7	0	1.99	0	0.4	0	0	0.766528	1.59	1.75	-0.16	"Yes"	0.201005	0	0.24	0	5.46806014113513
"CH"	241	7	0	2.09	0	0	0	0	0.813222	2.09	1.86	0.23	"Yes"	0	0	0.23	0	5.48479693349065
"CH"	242	7	0	2.09	0	0	0	0	0.850578	2.09	1.86	0.23	"Yes"	0	0	0.23	0	5.48893772615669
"CH"	253	7	0	2.09	0.1	0	0	0	0.880462	2.09	1.76	0.33	"Yes"	0	0.053763	0.23	0	5.53338948872752
"CH"	256	7	0	2.18	0	0	0	0	0.90437	2.18	1.86	0.32	"Yes"	0	0	0.32	0	5.54517744447956
"CH"	258	7	0	2.18	0	0	0	0	0.923496	2.18	1.86	0.32	"Yes"	0	0	0.32	0	5.55295958492162
"CH"	259	7	0	2.18	0	0	0	0	0.938797	2.18	1.86	0.32	"Yes"	0	0	0.32	0	5.55682806169954
"CH"	260	7	0	2.13	0	0.24	0	0	0.951037	1.89	1.86	0.03	"Yes"	0.112676	0	0.27	0	5.56068163101553
"CH"	263	7	0	2.13	0.27	0	0	0	0.96083	2.13	1.59	0.54	"Yes"	0	0.145161	0.27	0	5.57215403217776
"CH"	264	7	0	2.13	0.37	0	1	0	0.968664	2.13	1.49	0.64	"Yes"	0	0.198925	0.27	0	5.57594910314632
"CH"	265	7	0	2.13	0.37	0	1	0	0.974931	2.13	1.49	0.64	"Yes"	0	0.198925	0.27	0	5.57972982598622
"CH"	265	7	0	2.13	0.37	0	1	0	0.979945	2.13	1.49	0.64	"Yes"	0	0.198925	0.27	0	5.57972982598622
"CH"	267	7	0	2.13	0	0	1	0	0.983956	2.13	1.86	0.27	"Yes"	0	0	0.27	0	5.58724865840025
"CH"	270	7	0	2.13	0.27	0	1	0	0.987165	2.13	1.59	0.54	"Yes"	0	0.145161	0.27	0	5.59842195899838
"CH"	272	7	0	2.13	0	0	0	0	0.989732	2.13	1.86	0.27	"Yes"	0	0	0.27	0	5.605802066296
"CH"	274	2	1	2.18	0	0.8	0	1	0.991785	1.38	1.96	-0.58	"No"	0.366972	0	0.22	2	5.61312810638807
"MM"	228	1	0	1.69	0	0	0	0	0.32	1.69	1.69	0	"No"	0	0	0	1	5.42934562895444
"CH"	234	1	0	1.99	0	0	0	0	0.256	1.99	1.69	0.3	"No"	0	0	0.3	1	5.4553211153577
"MM"	243	1	0	1.99	0	0.8	0	1	0.4048	1.19	1.86	-0.67	"No"	0.40201	0	0.13	1	5.49306144334055
"CH"	251	1	0	2.09	0	0	0	0	0.32384	2.09	1.76	0.33	"No"	0	0	0.33	1	5.52545293913178
"MM"	253	1	0	2.09	0	0	0	0	0.459072	2.09	1.76	0.33	"No"	0	0	0.33	1	5.53338948872752
"MM"	242	3	1	2.23	0	0	0	0	0.5	2.23	1.99	0.24	"No"	0	0	0.24	3	5.48893772615669
"MM"	244	3	1	2.23	0	0	0	0	0.4	2.23	1.99	0.24	"No"	0	0	0.24	3	5.4971682252932
"MM"	247	3	1	2.23	0	0	0	0	0.32	2.23	1.99	0.24	"No"	0	0	0.24	3	5.50938833662798
"CH"	274	7	0	2.13	0.47	0.54	1	0	0.52	1.59	1.39	0.2	"Yes"	0.253521	0.252688	0.27	0	5.61312810638807
"MM"	276	7	1	2.13	0	0.54	0	1	0.616	1.59	1.99	-0.4	"Yes"	0.253521	0	0.14	0	5.62040086571715
"CH"	228	7	0	1.69	0	0	0	0	0.535142	1.69	1.69	0	"Yes"	0	0	0	0	5.42934562895444
"CH"	233	7	0	1.99	0	0.4	1	0	0.628114	1.59	1.75	-0.16	"Yes"	0.201005	0	0.24	0	5.4510384535657
"MM"	234	7	0	1.99	0	0.4	1	0	0.702491	1.59	1.75	-0.16	"Yes"	0.201005	0	0.24	0	5.4553211153577
"CH"	235	7	0	1.99	0	0.4	0	0	0.561993	1.59	1.75	-0.16	"Yes"	0.201005	0	0.24	0	5.45958551414416
"CH"	236	3	0	2.09	0	0	0	0	0.649594	2.09	1.79	0.3	"No"	0	0	0.3	3	5.46383180502561
"CH"	238	3	0	2.09	0	0	0	0	0.719675	2.09	1.79	0.3	"No"	0	0	0.3	3	5.47227067367148
"CH"	240	7	0	2.09	0	0	0	0	0.77574	2.09	1.86	0.23	"Yes"	0	0	0.23	0	5.48063892334199
"CH"	250	7	0	2.09	0	0	0	0	0.820592	2.09	1.86	0.23	"Yes"	0	0	0.23	0	5.52146091786225
"CH"	254	7	0	2.18	0	0	0	0	0.856474	2.18	1.86	0.32	"Yes"	0	0	0.32	0	5.53733426701854
"CH"	257	7	0	2.18	0	0	0	0	0.885179	2.18	1.86	0.32	"Yes"	0	0	0.32	0	5.54907608489522
"CH"	258	7	0	2.18	0	0	0	0	0.908143	2.18	1.86	0.32	"Yes"	0	0	0.32	0	5.55295958492162
"CH"	259	7	0	2.18	0	0	0	0	0.926515	2.18	1.86	0.32	"Yes"	0	0	0.32	0	5.55682806169954
"CH"	260	7	0	2.13	0	0.24	0	0	0.941212	1.89	1.86	0.03	"Yes"	0.112676	0	0.27	0	5.56068163101553
"CH"	261	7	0	2.13	0	0.24	0	0	0.952969	1.89	1.86	0.03	"Yes"	0.112676	0	0.27	0	5.56452040732269
"CH"	262	7	0	2.13	0	0	0	0	0.962375	2.13	1.86	0.27	"Yes"	0	0	0.27	0	5.5683445037611
"CH"	264	7	0	2.13	0.37	0	1	0	0.9699	2.13	1.49	0.64	"Yes"	0	0.198925	0.27	0	5.57594910314632
"CH"	266	7	0	2.13	0.37	0	1	0	0.97592	2.13	1.49	0.64	"Yes"	0	0.198925	0.27	0	5.5834963087817
"CH"	268	7	0	2.13	0	0	0	0	0.980736	2.13	1.86	0.27	"Yes"	0	0	0.27	0	5.59098698051086
"CH"	268	7	0	2.13	0	0	0	0	0.984589	2.13	1.86	0.27	"Yes"	0	0	0.27	0	5.59098698051086
"CH"	269	7	0	2.13	0.27	0	1	0	0.987671	2.13	1.59	0.54	"Yes"	0	0.145161	0.27	0	5.59471137960184
"CH"	270	7	0	2.13	0.27	0	1	0	0.990137	2.13	1.59	0.54	"Yes"	0	0.145161	0.27	0	5.59842195899838
"CH"	271	7	0	2.13	0	0	0	0	0.99211	2.13	1.86	0.27	"Yes"	0	0	0.27	0	5.6021188208797
"CH"	272	7	0	2.13	0	0	0	0	0.993688	2.13	1.86	0.27	"Yes"	0	0	0.27	0	5.605802066296
"MM"	275	7	1	2.13	0	0.54	1	0	0.99495	1.59	1.99	-0.4	"Yes"	0.253521	0	0.14	0	5.61677109766657
"CH"	229	7	0	1.69	0	0.2	0	1	0.16384	1.49	1.69	-0.2	"Yes"	0.118343	0	0	0	5.43372200355424
"CH"	232	7	0	1.99	0	0.4	1	1	0.331072	1.59	1.69	-0.1	"Yes"	0.201005	0	0.3	0	5.44673737166631
"CH"	257	2	0	2.18	0	0	0	0	0.5	2.18	1.86	0.32	"No"	0	0	0.32	2	5.54907608489522
"MM"	264	3	1	2.09	0.1	0	0	0	0.6	2.09	1.89	0.2	"No"	0	0.050251	0.1	3	5.57594910314632
"MM"	265	2	0	2.18	0	0	0	0	0.48	2.18	1.86	0.32	"No"	0	0	0.32	2	5.57972982598622
"MM"	267	2	0	2.18	0	0.4	0	1	0.384	1.78	1.86	-0.08	"No"	0.183486	0	0.32	2	5.58724865840025
"CH"	270	2	0	2.18	0	0	0	0	0.3072	2.18	1.86	0.32	"No"	0	0	0.32	2	5.59842195899838
"CH"	272	2	0	2.18	0	0.06	0	0	0.44576	2.12	1.86	0.26	"No"	0.027523	0	0.32	2	5.605802066296
"CH"	273	2	0	2.18	0	0.06	0	0	0.556608	2.12	1.86	0.26	"No"	0.027523	0	0.32	2	5.60947179518496
"CH"	276	2	1	2.18	0	0	0	1	0.645286	2.18	1.99	0.19	"No"	0	0	0.19	2	5.62040086571715
"CH"	278	2	1	2.18	0	0	0	0	0.716229	2.18	1.99	0.19	"No"	0	0	0.19	2	5.62762111369064
"MM"	259	2	0	2.18	0	0.4	0	1	0.6672	1.78	1.86	-0.08	"No"	0.183486	0	0.32	2	5.55682806169954
"MM"	229	3	0	1.79	0	0	0	0	0.5648	1.79	1.79	0	"No"	0	0	0	3	5.43372200355424
"MM"	235	3	0	2.09	0	0	0	0	0.45184	2.09	1.79	0.3	"No"	0	0	0.3	3	5.45958551414416
"MM"	261	2	0	2.18	0	0	0	0	0.53376	2.18	1.86	0.32	"No"	0	0	0.32	2	5.56452040732269
"MM"	273	2	0	2.18	0	0.06	0	0	0.427008	2.12	1.86	0.26	"No"	0.027523	0	0.32	2	5.60947179518496
"MM"	276	3	1	2.09	0.2	0.4	0	0	0.341606	1.69	1.89	-0.2	"No"	0.191388	0.095694	0	3	5.62040086571715
"MM"	278	3	1	2.09	0.2	0	0	0	0.273285	2.09	1.89	0.2	"No"	0	0.095694	0	3	5.62762111369064
"MM"	229	3	0	1.79	0	0	0	0	0.027488	1.79	1.79	0	"No"	0	0	0	3	5.43372200355424
"MM"	234	3	0	2.09	0	0	0	0	0.02199	2.09	1.79	0.3	"No"	0	0	0.3	3	5.4553211153577
"MM"	239	3	0	2.23	0	0	0	0	0.017592	2.23	1.79	0.44	"No"	0	0	0.44	3	5.47646355193151
"MM"	240	3	0	2.23	0	0	0	0	0.014074	2.23	1.79	0.44	"No"	0	0	0.44	3	5.48063892334199
"MM"	240	3	0	2.23	0	0	0	0	0.011259	2.23	1.79	0.44	"No"	0	0	0.44	3	5.48063892334199
"MM"	241	3	0	2.23	0	0	0	0	0.009007	2.23	1.79	0.44	"No"	0	0	0.44	3	5.48479693349065
"MM"	242	3	1	2.23	0	0	0	0	0.007206	2.23	1.99	0.24	"No"	0	0	0.24	3	5.48893772615669
"MM"	243	3	1	2.23	0	0	0	0	0.005765	2.23	1.99	0.24	"No"	0	0	0.24	3	5.49306144334055
"MM"	244	3	1	2.23	0	0	0	0	0.004612	2.23	1.99	0.24	"No"	0	0	0.24	3	5.4971682252932
"MM"	247	3	1	2.23	0	0	0	0	0.003689	2.23	1.99	0.24	"No"	0	0	0.24	3	5.50938833662798
"MM"	248	3	1	2.23	0	0	0	0	0.002951	2.23	1.99	0.24	"No"	0	0	0.24	3	5.51342874616498
"MM"	250	3	1	2.23	0	0	0	0	0.002361	2.23	1.99	0.24	"No"	0	0	0.24	3	5.52146091786225
"MM"	253	3	1	2.23	0	0	0	0	0.001889	2.23	1.99	0.24	"No"	0	0	0.24	3	5.53338948872752
"MM"	259	3	1	2.29	0	0	0	0	0.001511	2.29	1.99	0.3	"No"	0	0	0.3	3	5.55682806169954
"MM"	261	3	1	2.09	0	0	0	0	0.001209	2.09	1.99	0.1	"No"	0	0	0.1	3	5.56452040732269
"MM"	263	3	1	2.09	0	0	0	0	0.000967	2.09	1.99	0.1	"No"	0	0	0.1	3	5.57215403217776
"MM"	264	3	1	2.09	0.1	0	0	0	0.000774	2.09	1.89	0.2	"No"	0	0.050251	0.1	3	5.57594910314632
"MM"	266	3	1	2.09	0.1	0	0	0	0.000619	2.09	1.89	0.2	"No"	0	0.050251	0.1	3	5.5834963087817
"MM"	267	3	1	2.09	0.1	0	0	0	0.000495	2.09	1.89	0.2	"No"	0	0.050251	0.1	3	5.58724865840025
"MM"	270	2	0	2.18	0	0	0	0	0.000396	2.18	1.86	0.32	"No"	0	0	0.32	2	5.59842195899838
"MM"	273	2	0	2.18	0	0.06	0	0	0.000317	2.12	1.86	0.26	"No"	0.027523	0	0.32	2	5.60947179518496
"MM"	275	2	1	2.18	0	0.8	0	1	0.000254	1.38	1.96	-0.58	"No"	0.366972	0	0.22	2	5.61677109766657
"MM"	276	3	1	2.09	0.2	0.4	0	0	0.000203	1.69	1.89	-0.2	"No"	0.191388	0.095694	0	3	5.62040086571715
"CH"	228	2	0	1.69	0	0	0	0	0.48	1.69	1.69	0	"No"	0	0	0	2	5.42934562895444
"MM"	229	2	0	1.69	0	0	0	0	0.584	1.69	1.69	0	"No"	0	0	0	2	5.43372200355424
"MM"	231	2	0	1.69	0.3	0	1	0	0.4672	1.69	1.39	0.3	"No"	0	0.177515	0	2	5.44241771052179
"MM"	233	2	0	1.69	0	0	0	0	0.37376	1.69	1.69	0	"No"	0	0	0	2	5.4510384535657
"CH"	234	3	0	2.09	0	0	0	0	0.299008	2.09	1.79	0.3	"No"	0	0	0.3	3	5.4553211153577
"MM"	240	2	0	1.99	0	0.3	0	1	0.439206	1.69	1.75	-0.06	"No"	0.150754	0	0.24	2	5.48063892334199
"MM"	242	2	0	1.99	0.16	0.3	0	1	0.351365	1.69	1.59	0.1	"No"	0.150754	0.091429	0.24	2	5.48893772615669
"CH"	245	2	1	2.09	0	0	0	0	0.281092	2.09	1.89	0.2	"No"	0	0	0.2	2	5.50125821054473
"MM"	253	3	1	2.23	0	0	0	0	0.424874	2.23	1.99	0.24	"No"	0	0	0.24	3	5.53338948872752
"MM"	256	2	1	2.18	0.13	0	0	0	0.339899	2.18	1.76	0.42	"No"	0	0.068783	0.29	2	5.54517744447956
"MM"	262	2	0	2.18	0	0.6	0	1	0.271919	1.58	1.86	-0.28	"No"	0.275229	0	0.32	2	5.5683445037611
"MM"	263	2	0	2.18	0	0	0	1	0.217535	2.18	1.86	0.32	"No"	0	0	0.32	2	5.57215403217776
"CH"	269	3	1	2.09	0.1	0	0	0	0.174028	2.09	1.89	0.2	"No"	0	0.050251	0.1	3	5.59471137960184
"CH"	270	2	0	2.18	0	0	0	0	0.339223	2.18	1.86	0.32	"No"	0	0	0.32	2	5.59842195899838
"CH"	272	2	0	2.18	0	0.06	0	0	0.471378	2.12	1.86	0.26	"No"	0.027523	0	0.32	2	5.605802066296
"CH"	273	2	0	2.18	0	0.06	0	0	0.577102	2.12	1.86	0.26	"No"	0.027523	0	0.32	2	5.60947179518496
"CH"	275	2	1	2.18	0	0.8	0	1	0.661682	1.38	1.96	-0.58	"No"	0.366972	0	0.22	2	5.61677109766657
"CH"	276	2	1	2.18	0	0	0	1	0.729346	2.18	1.99	0.19	"No"	0	0	0.19	2	5.62040086571715
"CH"	276	2	1	2.18	0	0	0	1	0.783476	2.18	1.99	0.19	"No"	0	0	0.19	2	5.62040086571715
"CH"	278	2	1	2.18	0	0	0	0	0.826781	2.18	1.99	0.19	"No"	0	0	0.19	2	5.62762111369064
"MM"	238	3	0	2.09	0	0	0	0	0.7952	2.09	1.79	0.3	"No"	0	0	0.3	3	5.47227067367148
"CH"	241	3	0	2.23	0	0	0	0	0.63616	2.23	1.79	0.44	"No"	0	0	0.44	3	5.48479693349065
"CH"	246	3	1	2.23	0	0	0	0	0.708928	2.23	1.99	0.24	"No"	0	0	0.24	3	5.50533153593236
"CH"	251	3	1	2.23	0	0	0	0	0.5	2.23	1.99	0.24	"No"	0	0	0.24	3	5.52545293913178
"CH"	257	3	1	2.29	0	0.4	0	1	0.6	1.89	1.99	-0.1	"No"	0.174672	0	0.3	3	5.54907608489522
"CH"	264	3	1	2.09	0.1	0	0	0	0.68	2.09	1.89	0.2	"No"	0	0.050251	0.1	3	5.57594910314632
"MM"	271	3	1	2.09	0.1	0.4	1	0	0.5	1.69	1.89	-0.2	"No"	0.191388	0.050251	0.1	3	5.6021188208797
"CH"	271	3	1	2.09	0.1	0.4	1	0	0.4	1.69	1.89	-0.2	"No"	0.191388	0.050251	0.1	3	5.6021188208797
"MM"	230	1	0	1.69	0	0.2	0	0	0.4	1.49	1.69	-0.2	"No"	0.118343	0	0	1	5.4380793089232
"CH"	231	1	0	1.69	0.3	0.2	1	0	0.32	1.49	1.39	0.1	"No"	0.118343	0.177515	0	1	5.44241771052179
"CH"	251	1	0	2.09	0	0	0	0	0.456	2.09	1.76	0.33	"No"	0	0	0.33	1	5.52545293913178
"CH"	266	1	0	1.99	0	0.1	0	0	0.5648	1.89	1.86	0.03	"No"	0.050251	0	0.13	1	5.5834963087817
"MM"	267	4	1	2.09	0.1	0	0	0	0.65184	2.09	1.89	0.2	"No"	0	0.050251	0.1	4	5.58724865840025
"CH"	268	7	0	2.13	0	0	0	0	0.4	2.13	1.86	0.27	"Yes"	0	0	0.27	0	5.59098698051086
"MM"	262	1	0	1.99	0	0.4	0	1	0.5	1.59	1.76	-0.17	"No"	0.201005	0	0.23	1	5.5683445037611
"MM"	266	1	0	1.99	0	0.1	0	0	0.4	1.89	1.86	0.03	"No"	0.050251	0	0.13	1	5.5834963087817
"MM"	229	7	0	1.69	0	0.2	0	1	0.149422	1.49	1.69	-0.2	"Yes"	0.118343	0	0	0	5.43372200355424
"MM"	236	7	0	1.99	0	0.4	0	0	0.119538	1.59	1.75	-0.16	"Yes"	0.201005	0	0.24	0	5.46383180502561
"MM"	237	7	0	1.99	0	0.4	0	0	0.09563	1.59	1.75	-0.16	"Yes"	0.201005	0	0.24	0	5.46806014113513
"MM"	238	7	0	1.99	0	0.4	0	0	0.076504	1.59	1.75	-0.16	"Yes"	0.201005	0	0.24	0	5.47227067367148
"MM"	242	7	0	2.09	0	0	0	0	0.061203	2.09	1.86	0.23	"Yes"	0	0	0.23	0	5.48893772615669
"MM"	254	7	0	2.18	0	0	0	0	0.048963	2.18	1.86	0.32	"Yes"	0	0	0.32	0	5.53733426701854
"MM"	255	7	0	2.18	0	0	0	0	0.03917	2.18	1.86	0.32	"Yes"	0	0	0.32	0	5.54126354515843
"CH"	233	7	0	1.99	0	0.4	1	0	0.744	1.59	1.75	-0.16	"Yes"	0.201005	0	0.24	0	5.4510384535657
"CH"	251	7	0	2.09	0.1	0	0	0	0.7952	2.09	1.76	0.33	"Yes"	0	0.053763	0.23	0	5.52545293913178
"CH"	253	7	0	2.09	0.1	0	0	0	0.83616	2.09	1.76	0.33	"Yes"	0	0.053763	0.23	0	5.53338948872752
"CH"	254	1	0	2.09	0	0	0	0	0.868928	2.09	1.76	0.33	"No"	0	0	0.33	1	5.53733426701854
"CH"	260	7	0	2.13	0	0.24	0	0	0.895142	1.89	1.86	0.03	"Yes"	0.112676	0	0.27	0	5.56068163101553
"CH"	261	7	0	2.13	0	0.24	0	0	0.916114	1.89	1.86	0.03	"Yes"	0.112676	0	0.27	0	5.56452040732269
"CH"	263	7	0	2.13	0.27	0	0	0	0.932891	2.13	1.59	0.54	"Yes"	0	0.145161	0.27	0	5.57215403217776
"CH"	264	7	0	2.13	0.37	0	1	0	0.946313	2.13	1.49	0.64	"Yes"	0	0.198925	0.27	0	5.57594910314632
"CH"	267	7	0	2.13	0	0	1	0	0.95705	2.13	1.86	0.27	"Yes"	0	0	0.27	0	5.58724865840025
"CH"	268	7	0	2.13	0	0	0	0	0.96564	2.13	1.86	0.27	"Yes"	0	0	0.27	0	5.59098698051086
"CH"	269	7	0	2.13	0.27	0	1	0	0.972512	2.13	1.59	0.54	"Yes"	0	0.145161	0.27	0	5.59471137960184
"CH"	277	7	1	2.13	0.5	0	0	1	0.97801	2.13	1.49	0.64	"Yes"	0	0.251256	0.14	0	5.62401750618734
"CH"	278	7	1	2.13	0	0	0	0	0.982408	2.13	2.06	0.07	"Yes"	0	0	0.07	0	5.62762111369064
"CH"	230	4	0	1.79	0	0	0	0	0.52	1.79	1.79	0	"No"	0	0	0	4	5.4380793089232
"MM"	273	4	1	2.09	0	0.4	0	0	0.616	1.69	1.99	-0.3	"No"	0.191388	0	0.1	4	5.60947179518496
"MM"	227	4	0	1.79	0	0	0	1	0.5	1.79	1.79	0	"No"	0	0	0	4	5.4249500174814
"MM"	229	4	0	1.79	0	0	0	0	0.4	1.79	1.79	0	"No"	0	0	0	4	5.43372200355424
"MM"	230	4	0	1.79	0	0	0	0	0.32	1.79	1.79	0	"No"	0	0	0	4	5.4380793089232
"MM"	252	4	1	2.23	0	0	0	0	0.5	2.23	1.99	0.24	"No"	0	0	0.24	4	5.52942908751142
"CH"	265	4	1	2.09	0.1	0	0	0	0.4	2.09	1.89	0.2	"No"	0	0.050251	0.1	4	5.57972982598622
"CH"	262	4	1	2.09	0	0	0	0	0.6	2.09	1.99	0.1	"No"	0	0	0.1	4	5.5683445037611
"MM"	275	7	1	2.13	0	0.54	1	0	0.6	1.59	1.99	-0.4	"Yes"	0.253521	0	0.14	0	5.61677109766657
"MM"	259	7	0	2.18	0	0	0	0	0.4	2.18	1.86	0.32	"Yes"	0	0	0.32	0	5.55682806169954
"MM"	261	7	0	2.13	0	0.24	0	0	0.32	1.89	1.86	0.03	"Yes"	0.112676	0	0.27	0	5.56452040732269
"MM"	240	4	0	2.23	0	0	0	0	0.5	2.23	1.79	0.44	"No"	0	0	0.44	4	5.48063892334199
"MM"	244	1	0	2.09	0	0	0	0	0.4	2.09	1.86	0.23	"No"	0	0	0.23	1	5.4971682252932
"MM"	233	7	0	1.99	0	0.4	1	0	0.4	1.59	1.75	-0.16	"Yes"	0.201005	0	0.24	0	5.4510384535657
"MM"	256	3	1	2.29	0	0	0	0	0.32	2.29	1.99	0.3	"No"	0	0	0.3	3	5.54517744447956
"MM"	258	2	0	2.18	0	0	0	0	0.256	2.18	1.86	0.32	"No"	0	0	0.32	2	5.55295958492162
"CH"	264	7	0	2.13	0.37	0	1	0	0.2048	2.13	1.49	0.64	"Yes"	0	0.198925	0.27	0	5.57594910314632
"CH"	266	2	0	2.18	0	0	0	0	0.36384	2.18	1.86	0.32	"No"	0	0	0.32	2	5.5834963087817
"MM"	267	1	0	1.99	0	0.2	0	1	0.491072	1.79	1.86	-0.07	"No"	0.100503	0	0.13	1	5.58724865840025
"MM"	274	2	1	2.18	0	0.8	0	1	0.392858	1.38	1.96	-0.58	"No"	0.366972	0	0.22	2	5.61312810638807
"CH"	274	7	0	2.13	0.47	0.54	1	0	0.314286	1.59	1.39	0.2	"Yes"	0.253521	0.252688	0.27	0	5.61312810638807
"MM"	228	1	0	1.69	0	0	0	0	0.5	1.69	1.69	0	"No"	0	0	0	1	5.42934562895444
"MM"	237	2	0	1.99	0	0	0	0	0.4	1.99	1.75	0.24	"No"	0	0	0.24	2	5.46806014113513
"CH"	258	1	0	2.18	0	0	0	0	0.32	2.18	1.76	0.42	"No"	0	0	0.42	1	5.55295958492162
"MM"	228	2	0	1.69	0	0	0	0	0.256	1.69	1.69	0	"No"	0	0	0	2	5.42934562895444
"MM"	229	2	0	1.69	0	0	0	0	0.2048	1.69	1.69	0	"No"	0	0	0	2	5.43372200355424
"MM"	236	2	0	1.99	0	0	0	0	0.16384	1.99	1.75	0.24	"No"	0	0	0.24	2	5.46383180502561
"MM"	242	2	0	1.99	0.16	0.3	0	1	0.131072	1.69	1.59	0.1	"No"	0.150754	0.091429	0.24	2	5.48893772615669
"CH"	254	2	1	2.09	0.13	0	0	0	0.104858	2.09	1.76	0.33	"No"	0	0.068783	0.2	2	5.53733426701854
"CH"	257	2	0	2.18	0	0	0	0	0.283886	2.18	1.86	0.32	"No"	0	0	0.32	2	5.54907608489522
"MM"	260	2	0	2.18	0	0.7	0	0	0.427109	1.48	1.86	-0.38	"No"	0.321101	0	0.32	2	5.56068163101553
"CH"	227	7	0	1.69	0	0	0	1	0.072993	1.69	1.69	0	"Yes"	0	0	0	0	5.4249500174814
"MM"	227	2	0	1.69	0	0	0	0	0.258395	1.69	1.69	0	"No"	0	0	0	2	5.4249500174814
"MM"	228	2	0	1.69	0	0	0	0	0.206716	1.69	1.69	0	"No"	0	0	0	2	5.42934562895444
"MM"	229	2	0	1.69	0	0	0	0	0.165373	1.69	1.69	0	"No"	0	0	0	2	5.43372200355424
"MM"	230	7	0	1.99	0	0	0	1	0.132298	1.99	1.69	0.3	"Yes"	0	0	0.3	0	5.4380793089232
"MM"	233	2	0	1.69	0	0	0	0	0.105838	1.69	1.69	0	"No"	0	0	0	2	5.4510384535657
"CH"	235	7	0	1.99	0	0.4	0	0	0.084671	1.59	1.75	-0.16	"Yes"	0.201005	0	0.24	0	5.45958551414416
"MM"	236	2	0	1.99	0	0	0	0	0.267737	1.99	1.75	0.24	"No"	0	0	0.24	2	5.46383180502561
"MM"	237	2	0	1.99	0	0	0	0	0.214189	1.99	1.75	0.24	"No"	0	0	0.24	2	5.46806014113513
"MM"	237	2	0	1.99	0	0	0	0	0.171351	1.99	1.75	0.24	"No"	0	0	0.24	2	5.46806014113513
"CH"	239	7	0	2.09	0	0	0	0	0.137081	2.09	1.79	0.3	"Yes"	0	0	0.3	0	5.47646355193151
"MM"	240	7	0	2.09	0	0	0	0	0.309665	2.09	1.86	0.23	"Yes"	0	0	0.23	0	5.48063892334199
"MM"	242	2	0	1.99	0.16	0.3	0	1	0.247732	1.69	1.59	0.1	"No"	0.150754	0.091429	0.24	2	5.48893772615669
"CH"	257	7	0	2.18	0	0	0	0	0.198186	2.18	1.86	0.32	"Yes"	0	0	0.32	0	5.54907608489522
"MM"	258	7	0	2.18	0	0	0	0	0.358548	2.18	1.86	0.32	"Yes"	0	0	0.32	0	5.55295958492162
"CH"	264	7	0	2.13	0.37	0	1	0	0.286839	2.13	1.49	0.64	"Yes"	0	0.198925	0.27	0	5.57594910314632
"MM"	271	7	0	2.13	0	0	0	0	0.429471	2.13	1.86	0.27	"Yes"	0	0	0.27	0	5.6021188208797
"MM"	272	3	1	2.09	0	0.4	0	0	0.343577	1.69	1.99	-0.3	"No"	0.191388	0	0.1	3	5.605802066296
"MM"	272	2	0	2.18	0	0.06	0	0	0.274861	2.12	1.86	0.26	"No"	0.027523	0	0.32	2	5.605802066296
"MM"	274	7	0	2.13	0.47	0.54	1	0	0.219889	1.59	1.39	0.2	"Yes"	0.253521	0.252688	0.27	0	5.61312810638807
"MM"	274	2	1	2.18	0	0.8	0	1	0.175911	1.38	1.96	-0.58	"No"	0.366972	0	0.22	2	5.61312810638807
"MM"	275	7	1	2.13	0	0.54	1	0	0.140729	1.59	1.99	-0.4	"Yes"	0.253521	0	0.14	0	5.61677109766657
"MM"	276	7	1	2.13	0	0.54	0	1	0.112583	1.59	1.99	-0.4	"Yes"	0.253521	0	0.14	0	5.62040086571715
"MM"	227	1	0	1.69	0	0	0	0	0.433472	1.69	1.69	0	"No"	0	0	0	1	5.4249500174814
"MM"	236	1	0	1.99	0	0	0	0	0.346778	1.99	1.75	0.24	"No"	0	0	0.24	1	5.46383180502561
"CH"	243	1	0	1.99	0	0.8	0	1	0.277422	1.19	1.86	-0.67	"No"	0.40201	0	0.13	1	5.49306144334055
"MM"	255	7	0	2.18	0	0	0	0	0.421938	2.18	1.86	0.32	"Yes"	0	0	0.32	0	5.54126354515843
"MM"	261	7	0	2.13	0	0.24	0	0	0.33755	1.89	1.86	0.03	"Yes"	0.112676	0	0.27	0	5.56452040732269
"MM"	230	3	0	1.79	0	0	0	0	0.283886	1.79	1.79	0	"No"	0	0	0	3	5.4380793089232
"MM"	234	7	0	1.99	0	0.4	1	0	0.227109	1.59	1.75	-0.16	"Yes"	0.201005	0	0.24	0	5.4553211153577
"MM"	235	3	0	2.09	0	0	0	0	0.181687	2.09	1.79	0.3	"No"	0	0	0.3	3	5.45958551414416
"MM"	238	3	0	2.09	0	0	0	0	0.14535	2.09	1.79	0.3	"No"	0	0	0.3	3	5.47227067367148
"MM"	241	3	0	2.23	0	0	0	0	0.11628	2.23	1.79	0.44	"No"	0	0	0.44	3	5.48479693349065
"MM"	244	7	0	2.09	0	0.2	0	0	0.093024	1.89	1.86	0.03	"Yes"	0.095694	0	0.23	0	5.4971682252932
"MM"	257	3	1	2.29	0	0.4	0	1	0.074419	1.89	1.99	-0.1	"No"	0.174672	0	0.3	3	5.54907608489522
"MM"	258	2	0	2.18	0	0	0	0	0.059535	2.18	1.86	0.32	"No"	0	0	0.32	2	5.55295958492162
"MM"	259	3	1	2.29	0	0	0	0	0.047628	2.29	1.99	0.3	"No"	0	0	0.3	3	5.55682806169954
"MM"	260	3	1	2.09	0	0	0	0	0.038103	2.09	1.99	0.1	"No"	0	0	0.1	3	5.56068163101553
"MM"	261	3	1	2.09	0	0	0	0	0.030482	2.09	1.99	0.1	"No"	0	0	0.1	3	5.56452040732269
"CH"	232	2	0	1.69	0	0	1	0	0.4352	1.69	1.69	0	"No"	0	0	0	2	5.44673737166631
"CH"	235	2	0	1.99	0	0	0	0	0.54816	1.99	1.69	0.3	"No"	0	0	0.3	2	5.45958551414416
"CH"	242	3	1	2.23	0	0	0	0	0.416	2.23	1.99	0.24	"No"	0	0	0.24	3	5.48893772615669
"CH"	277	3	1	2.09	0.2	0.4	0	0	0.5328	1.69	1.89	-0.2	"No"	0.191388	0.095694	0	3	5.62401750618734
"CH"	262	4	1	2.09	0	0	0	0	0.104858	2.09	1.99	0.1	"No"	0	0	0.1	4	5.5683445037611
"CH"	264	7	0	2.13	0.37	0	1	0	0.283886	2.13	1.49	0.64	"Yes"	0	0.198925	0.27	0	5.57594910314632
"MM"	265	7	0	2.13	0.37	0	1	0	0.427109	2.13	1.49	0.64	"Yes"	0	0.198925	0.27	0	5.57972982598622
"MM"	267	4	1	2.09	0.1	0	0	0	0.341687	2.09	1.89	0.2	"No"	0	0.050251	0.1	4	5.58724865840025
"MM"	270	4	1	2.09	0.1	0	0	0	0.27335	2.09	1.89	0.2	"No"	0	0.050251	0.1	4	5.59842195899838
"MM"	272	7	0	2.13	0	0	0	0	0.21868	2.13	1.86	0.27	"Yes"	0	0	0.27	0	5.605802066296
"CH"	234	7	0	1.99	0	0.4	1	0	0.5	1.59	1.75	-0.16	"Yes"	0.201005	0	0.24	0	5.4553211153577
"MM"	243	1	0	1.99	0	0.8	0	1	0.6	1.19	1.86	-0.67	"No"	0.40201	0	0.13	1	5.49306144334055
"MM"	257	4	1	2.29	0	0.4	0	1	0.48	1.89	1.99	-0.1	"No"	0.174672	0	0.3	4	5.54907608489522
"MM"	261	1	0	1.99	0	0	0	0	0.384	1.99	1.76	0.23	"No"	0	0	0.23	1	5.56452040732269
"CH"	265	1	0	1.99	0	0.1	0	0	0.3072	1.89	1.76	0.13	"No"	0.050251	0	0.23	1	5.57972982598622
"MM"	275	1	1	2.13	0	0.74	0	1	0.44576	1.39	1.96	-0.57	"No"	0.347418	0	0.17	1	5.61677109766657
"MM"	243	1	0	1.99	0	0.8	0	1	0.6	1.19	1.86	-0.67	"No"	0.40201	0	0.13	1	5.49306144334055
"CH"	251	1	0	2.09	0	0	0	0	0.48	2.09	1.76	0.33	"No"	0	0	0.33	1	5.52545293913178
"CH"	256	1	0	2.18	0	0	0	0	0.584	2.18	1.76	0.42	"No"	0	0	0.42	1	5.54517744447956
"CH"	257	1	0	2.18	0	0	0	0	0.6672	2.18	1.76	0.42	"No"	0	0	0.42	1	5.54907608489522
"CH"	258	1	0	2.18	0	0	0	0	0.73376	2.18	1.76	0.42	"No"	0	0	0.42	1	5.55295958492162
"CH"	261	1	0	1.99	0	0	0	0	0.787008	1.99	1.76	0.23	"No"	0	0	0.23	1	5.56452040732269
"CH"	266	1	0	1.99	0	0.1	0	0	0.829606	1.89	1.86	0.03	"No"	0.050251	0	0.13	1	5.5834963087817
"MM"	275	1	1	2.13	0	0.74	0	1	0.863685	1.39	1.96	-0.57	"No"	0.347418	0	0.17	1	5.61677109766657
"CH"	233	7	0	1.99	0	0.4	1	0	0.524608	1.59	1.75	-0.16	"Yes"	0.201005	0	0.24	0	5.4510384535657
"CH"	256	7	0	2.18	0	0	0	0	0.619686	2.18	1.86	0.32	"Yes"	0	0	0.32	0	5.54517744447956
"MM"	260	3	1	2.09	0	0	0	0	0.695749	2.09	1.99	0.1	"No"	0	0	0.1	3	5.56068163101553
"MM"	262	2	0	2.18	0	0.6	0	1	0.556599	1.58	1.86	-0.28	"No"	0.275229	0	0.32	2	5.5683445037611
"MM"	263	2	0	2.18	0	0	0	1	0.445279	2.18	1.86	0.32	"No"	0	0	0.32	2	5.57215403217776
"CH"	264	7	0	2.13	0.37	0	1	0	0.356224	2.13	1.49	0.64	"Yes"	0	0.198925	0.27	0	5.57594910314632
"CH"	267	2	0	2.18	0	0.4	0	1	0.484979	1.78	1.86	-0.08	"No"	0.183486	0	0.32	2	5.58724865840025
"CH"	268	2	0	2.18	0	0	0	1	0.587983	2.18	1.86	0.32	"No"	0	0	0.32	2	5.59098698051086
"MM"	271	3	1	2.09	0.1	0.4	1	0	0.670386	1.69	1.89	-0.2	"No"	0.191388	0.050251	0.1	3	5.6021188208797
"CH"	272	2	0	2.18	0	0.06	0	0	0.536309	2.12	1.86	0.26	"No"	0.027523	0	0.32	2	5.605802066296
"CH"	274	7	0	2.13	0.47	0.54	1	0	0.629047	1.59	1.39	0.2	"Yes"	0.253521	0.252688	0.27	0	5.61312810638807
"MM"	275	7	1	2.13	0	0.54	1	0	0.703238	1.59	1.99	-0.4	"Yes"	0.253521	0	0.14	0	5.61677109766657
"MM"	275	2	1	2.18	0	0.8	0	1	0.56259	1.38	1.96	-0.58	"No"	0.366972	0	0.22	2	5.61677109766657
"MM"	277	3	1	2.09	0.2	0.4	0	0	0.450072	1.69	1.89	-0.2	"No"	0.191388	0.095694	0	3	5.62401750618734
"MM"	246	2	1	2.09	0	0	0	0	0.48	2.09	1.89	0.2	"No"	0	0	0.2	2	5.50533153593236
"CH"	227	4	0	1.79	0	0	0	1	0.48	1.79	1.79	0	"No"	0	0	0	4	5.4249500174814
"CH"	228	7	0	1.69	0	0	0	0	0.584	1.69	1.69	0	"Yes"	0	0	0	0	5.42934562895444
"CH"	255	7	0	2.18	0	0	0	0	0.6672	2.18	1.86	0.32	"Yes"	0	0	0.32	0	5.54126354515843
"CH"	265	7	0	2.13	0.37	0	1	0	0.73376	2.13	1.49	0.64	"Yes"	0	0.198925	0.27	0	5.57972982598622
"CH"	267	7	0	2.13	0	0	1	0	0.787008	2.13	1.86	0.27	"Yes"	0	0	0.27	0	5.58724865840025
"CH"	269	7	0	2.13	0.27	0	1	0	0.829606	2.13	1.59	0.54	"Yes"	0	0.145161	0.27	0	5.59471137960184
"CH"	271	7	0	2.13	0	0	0	0	0.863685	2.13	1.86	0.27	"Yes"	0	0	0.27	0	5.6021188208797
"CH"	272	7	0	2.13	0	0	0	0	0.890948	2.13	1.86	0.27	"Yes"	0	0	0.27	0	5.605802066296
"CH"	274	7	0	2.13	0.47	0.54	1	0	0.912758	1.59	1.39	0.2	"Yes"	0.253521	0.252688	0.27	0	5.61312810638807
"CH"	274	7	0	2.13	0.47	0.54	1	0	0.5	1.59	1.39	0.2	"Yes"	0.253521	0.252688	0.27	0	5.61312810638807
"MM"	275	2	1	2.18	0	0.8	0	1	0.6	1.38	1.96	-0.58	"No"	0.366972	0	0.22	2	5.61677109766657
"MM"	276	7	1	2.13	0	0.54	0	1	0.48	1.59	1.99	-0.4	"Yes"	0.253521	0	0.14	0	5.62040086571715
"CH"	277	7	1	2.13	0.5	0	0	1	0.384	2.13	1.49	0.64	"Yes"	0	0.251256	0.14	0	5.62401750618734
"MM"	246	7	0	2.09	0	0	0	0	0.256	2.09	1.86	0.23	"Yes"	0	0	0.23	0	5.50533153593236
"CH"	253	7	0	2.09	0.1	0	0	0	0.4	2.09	1.76	0.33	"Yes"	0	0.053763	0.23	0	5.53338948872752
"CH"	266	7	0	2.13	0.37	0	1	0	0.52	2.13	1.49	0.64	"Yes"	0	0.198925	0.27	0	5.5834963087817
"CH"	266	7	0	2.13	0.37	0	1	0	0.616	2.13	1.49	0.64	"Yes"	0	0.198925	0.27	0	5.5834963087817
"CH"	267	7	0	2.13	0	0	1	0	0.6928	2.13	1.86	0.27	"Yes"	0	0	0.27	0	5.58724865840025
"CH"	269	7	0	2.13	0.27	0	1	0	0.75424	2.13	1.59	0.54	"Yes"	0	0.145161	0.27	0	5.59471137960184
"CH"	274	7	0	2.13	0.47	0.54	1	0	0.803392	1.59	1.39	0.2	"Yes"	0.253521	0.252688	0.27	0	5.61312810638807
"CH"	253	2	1	2.09	0.13	0	0	0	0.6	2.09	1.76	0.33	"No"	0	0.068783	0.2	2	5.53338948872752
"CH"	255	2	1	2.18	0.13	0	0	0	0.68	2.18	1.76	0.42	"No"	0	0.068783	0.29	2	5.54126354515843
"CH"	264	2	0	2.18	0	0	0	0	0.584	2.18	1.86	0.32	"No"	0	0	0.32	2	5.57594910314632
"CH"	235	3	0	2.09	0	0	0	0	0.5	2.09	1.79	0.3	"No"	0	0	0.3	3	5.45958551414416
"CH"	236	3	0	2.09	0	0	0	0	0.6	2.09	1.79	0.3	"No"	0	0	0.3	3	5.46383180502561
"CH"	237	2	0	1.99	0	0	0	0	0.68	1.99	1.75	0.24	"No"	0	0	0.24	2	5.46806014113513
"CH"	238	2	0	1.99	0	0	0	0	0.744	1.99	1.75	0.24	"No"	0	0	0.24	2	5.47227067367148
"CH"	239	3	0	2.23	0	0	0	0	0.7952	2.23	1.79	0.44	"No"	0	0	0.44	3	5.47646355193151
"CH"	240	2	0	1.99	0	0.3	0	1	0.83616	1.69	1.75	-0.06	"No"	0.150754	0	0.24	2	5.48063892334199
"CH"	241	3	0	2.23	0	0	0	0	0.868928	2.23	1.79	0.44	"No"	0	0	0.44	3	5.48479693349065
"CH"	242	2	0	1.99	0.16	0.3	0	1	0.895142	1.69	1.59	0.1	"No"	0.150754	0.091429	0.24	2	5.48893772615669
"CH"	245	3	1	2.23	0	0	0	0	0.916114	2.23	1.99	0.24	"No"	0	0	0.24	3	5.50125821054473
"CH"	246	3	1	2.23	0	0	0	0	0.5	2.23	1.99	0.24	"No"	0	0	0.24	3	5.50533153593236
"MM"	267	3	1	2.09	0.1	0	0	0	0.6	2.09	1.89	0.2	"No"	0	0.050251	0.1	3	5.58724865840025
"MM"	232	2	0	1.69	0	0	1	0	0.5	1.69	1.69	0	"No"	0	0	0	2	5.44673737166631
"MM"	262	2	0	2.18	0	0.6	0	1	0.4	1.58	1.86	-0.28	"No"	0.275229	0	0.32	2	5.5683445037611
"MM"	267	2	0	2.18	0	0.4	0	1	0.32	1.78	1.86	-0.08	"No"	0.183486	0	0.32	2	5.58724865840025
"MM"	274	2	1	2.18	0	0.8	0	1	0.256	1.38	1.96	-0.58	"No"	0.366972	0	0.22	2	5.61312810638807
"MM"	276	7	1	2.13	0	0.54	0	1	0.2048	1.59	1.99	-0.4	"Yes"	0.253521	0	0.14	0	5.62040086571715
"CH"	229	3	0	1.79	0	0	0	0	0.4	1.79	1.79	0	"No"	0	0	0	3	5.43372200355424
"CH"	232	3	0	2.09	0	0	0	0	0.52	2.09	1.79	0.3	"No"	0	0	0.3	3	5.44673737166631
"CH"	235	3	0	2.09	0	0	0	0	0.616	2.09	1.79	0.3	"No"	0	0	0.3	3	5.45958551414416
"CH"	240	3	0	2.23	0	0	0	0	0.6928	2.23	1.79	0.44	"No"	0	0	0.44	3	5.48063892334199
"CH"	244	3	1	2.23	0	0	0	0	0.75424	2.23	1.99	0.24	"No"	0	0	0.24	3	5.4971682252932
"CH"	248	3	1	2.23	0	0	0	0	0.803392	2.23	1.99	0.24	"No"	0	0	0.24	3	5.51342874616498
"CH"	249	3	1	2.23	0	0	0	0	0.842714	2.23	1.99	0.24	"No"	0	0	0.24	3	5.51745289646471
"CH"	252	3	1	2.23	0	0	0	0	0.874171	2.23	1.99	0.24	"No"	0	0	0.24	3	5.52942908751142
"CH"	255	3	1	2.29	0	0	0	0	0.899337	2.29	1.99	0.3	"No"	0	0	0.3	3	5.54126354515843
"CH"	258	3	1	2.29	0	0	0	0	0.919469	2.29	1.99	0.3	"No"	0	0	0.3	3	5.55295958492162
"CH"	260	3	1	2.09	0	0	0	0	0.935575	2.09	1.99	0.1	"No"	0	0	0.1	3	5.56068163101553
"CH"	263	3	1	2.09	0	0	0	0	0.94846	2.09	1.99	0.1	"No"	0	0	0.1	3	5.57215403217776
"CH"	266	3	1	2.09	0.1	0	0	0	0.958768	2.09	1.89	0.2	"No"	0	0.050251	0.1	3	5.5834963087817
"CH"	269	3	1	2.09	0.1	0	0	0	0.967015	2.09	1.89	0.2	"No"	0	0.050251	0.1	3	5.59471137960184
"CH"	271	3	1	2.09	0.1	0.4	1	0	0.973612	1.69	1.89	-0.2	"No"	0.191388	0.050251	0.1	3	5.6021188208797
"CH"	274	3	1	2.09	0	0.4	0	0	0.978889	1.69	1.99	-0.3	"No"	0.191388	0	0.1	3	5.61312810638807
"CH"	276	3	1	2.09	0.2	0.4	0	0	0.983112	1.69	1.89	-0.2	"No"	0.191388	0.095694	0	3	5.62040086571715
"CH"	278	3	1	2.09	0.2	0	0	0	0.986489	2.09	1.89	0.2	"No"	0	0.095694	0	3	5.62762111369064
"CH"	231	2	0	1.69	0.3	0	1	0	0.5	1.69	1.39	0.3	"No"	0	0.177515	0	2	5.44241771052179
"CH"	257	2	0	2.18	0	0	0	0	0.6	2.18	1.86	0.32	"No"	0	0	0.32	2	5.54907608489522
"CH"	259	2	0	2.18	0	0.4	0	1	0.68	1.78	1.86	-0.08	"No"	0.183486	0	0.32	2	5.55682806169954
"MM"	275	2	1	2.18	0	0.8	0	1	0.744	1.38	1.96	-0.58	"No"	0.366972	0	0.22	2	5.61677109766657
"MM"	241	1	0	1.99	0	0.3	0	1	0.5	1.69	1.86	-0.17	"No"	0.150754	0	0.13	1	5.48479693349065
"MM"	277	7	1	2.13	0.5	0	0	1	0.4	2.13	1.49	0.64	"Yes"	0	0.251256	0.14	0	5.62401750618734
"MM"	262	1	0	1.99	0	0.4	0	1	0.5	1.59	1.76	-0.17	"No"	0.201005	0	0.23	1	5.5683445037611
"MM"	263	1	0	1.99	0	0.4	0	1	0.4	1.59	1.76	-0.17	"No"	0.201005	0	0.23	1	5.57215403217776
"CH"	242	3	1	2.23	0	0	0	0	0.6	2.23	1.99	0.24	"No"	0	0	0.24	3	5.48893772615669
"CH"	247	2	1	2.09	0	0	0	0	0.68	2.09	1.89	0.2	"No"	0	0	0.2	2	5.50938833662798
"CH"	250	2	1	2.09	0	0	0	0	0.744	2.09	1.89	0.2	"No"	0	0	0.2	2	5.52146091786225
"CH"	236	7	0	1.99	0	0.4	0	0	0.6	1.59	1.75	-0.16	"Yes"	0.201005	0	0.24	0	5.46383180502561
"MM"	236	2	0	1.99	0	0	0	0	0.68	1.99	1.75	0.24	"No"	0	0	0.24	2	5.46383180502561
"CH"	237	7	0	1.99	0	0.4	0	0	0.544	1.59	1.75	-0.16	"Yes"	0.201005	0	0.24	0	5.46806014113513
"CH"	238	4	0	2.09	0	0	0	0	0.6352	2.09	1.79	0.3	"No"	0	0	0.3	4	5.47227067367148
"CH"	239	2	0	1.99	0	0.3	0	1	0.70816	1.69	1.75	-0.06	"No"	0.150754	0	0.24	2	5.47646355193151
"CH"	254	7	0	2.18	0	0	0	0	0.766528	2.18	1.86	0.32	"Yes"	0	0	0.32	0	5.53733426701854
"CH"	263	7	0	2.13	0.27	0	0	0	0.813222	2.13	1.59	0.54	"Yes"	0	0.145161	0.27	0	5.57215403217776
"CH"	264	7	0	2.13	0.37	0	1	0	0.850578	2.13	1.49	0.64	"Yes"	0	0.198925	0.27	0	5.57594910314632
"CH"	266	4	1	2.09	0.1	0	0	0	0.880462	2.09	1.89	0.2	"No"	0	0.050251	0.1	4	5.5834963087817
"CH"	259	7	0	2.18	0	0	0	0	0.32	2.18	1.86	0.32	"Yes"	0	0	0.32	0	5.55682806169954
"MM"	274	7	0	2.13	0.47	0.54	1	0	0.5	1.59	1.39	0.2	"Yes"	0.253521	0.252688	0.27	0	5.61312810638807
"CH"	274	7	0	2.13	0.47	0.54	1	0	0.4	1.59	1.39	0.2	"Yes"	0.253521	0.252688	0.27	0	5.61312810638807
"CH"	259	7	0	2.18	0	0	0	0	0.5	2.18	1.86	0.32	"Yes"	0	0	0.32	0	5.55682806169954
"CH"	274	7	0	2.13	0.47	0.54	1	0	0.6	1.59	1.39	0.2	"Yes"	0.253521	0.252688	0.27	0	5.61312810638807
"MM"	228	3	0	1.79	0	0	0	0	0.26624	1.79	1.79	0	"No"	0	0	0	3	5.42934562895444
"MM"	231	2	0	1.69	0.3	0	1	0	0.212992	1.69	1.39	0.3	"No"	0	0.177515	0	2	5.44241771052179
"MM"	232	2	0	1.69	0	0	1	0	0.170394	1.69	1.69	0	"No"	0	0	0	2	5.44673737166631
"MM"	234	2	0	1.99	0	0	0	0	0.136315	1.99	1.69	0.3	"No"	0	0	0.3	2	5.4553211153577
"MM"	235	2	0	1.99	0	0	0	0	0.109052	1.99	1.69	0.3	"No"	0	0	0.3	2	5.45958551414416
"MM"	236	2	0	1.99	0	0	0	0	0.087242	1.99	1.75	0.24	"No"	0	0	0.24	2	5.46383180502561
"MM"	236	7	0	1.99	0	0.4	0	0	0.069793	1.59	1.75	-0.16	"Yes"	0.201005	0	0.24	0	5.46383180502561
"MM"	238	2	0	1.99	0	0	0	0	0.055835	1.99	1.75	0.24	"No"	0	0	0.24	2	5.47227067367148
"MM"	239	2	0	1.99	0	0.3	0	1	0.044668	1.69	1.75	-0.06	"No"	0.150754	0	0.24	2	5.47646355193151
"CH"	241	1	0	1.99	0	0.3	0	1	0.035734	1.69	1.86	-0.17	"No"	0.150754	0	0.13	1	5.48479693349065
"MM"	245	2	1	2.09	0	0	0	0	0.228587	2.09	1.89	0.2	"No"	0	0	0.2	2	5.50125821054473
"CH"	251	2	1	2.09	0.13	0	0	0	0.18287	2.09	1.76	0.33	"No"	0	0.068783	0.2	2	5.52545293913178
"CH"	258	7	0	2.18	0	0	0	0	0.346296	2.18	1.86	0.32	"Yes"	0	0	0.32	0	5.55295958492162
"MM"	275	1	1	2.13	0	0.74	0	1	0.477037	1.39	1.96	-0.57	"No"	0.347418	0	0.17	1	5.61677109766657
"MM"	276	1	1	2.13	0	0	0	1	0.381629	2.13	1.99	0.14	"No"	0	0	0.14	1	5.62040086571715
"CH"	233	7	0	1.99	0	0.4	1	0	0.5	1.59	1.75	-0.16	"Yes"	0.201005	0	0.24	0	5.4510384535657
"CH"	270	7	0	2.13	0.27	0	1	0	0.6	2.13	1.59	0.54	"Yes"	0	0.145161	0.27	0	5.59842195899838
"MM"	245	2	1	2.09	0	0	0	0	0.5	2.09	1.89	0.2	"No"	0	0	0.2	2	5.50125821054473
"CH"	278	7	1	2.13	0	0	0	0	0.4	2.13	2.06	0.07	"Yes"	0	0	0.07	0	5.62762111369064
"CH"	230	4	0	1.79	0	0	0	0	0.6672	1.79	1.79	0	"No"	0	0	0	4	5.4380793089232
"CH"	253	1	0	2.09	0	0	0	0	0.5	2.09	1.76	0.33	"No"	0	0	0.33	1	5.53338948872752
"CH"	266	7	0	2.13	0.37	0	1	0	0.6	2.13	1.49	0.64	"Yes"	0	0.198925	0.27	0	5.5834963087817
"MM"	227	4	0	1.79	0	0	0	1	0.4	1.79	1.79	0	"No"	0	0	0	4	5.4249500174814
"MM"	233	7	0	1.99	0	0.4	1	0	0.4	1.59	1.75	-0.16	"Yes"	0.201005	0	0.24	0	5.4510384535657
"CH"	277	7	1	2.13	0.5	0	0	1	0.32	2.13	1.49	0.64	"Yes"	0	0.251256	0.14	0	5.62401750618734
"MM"	247	1	0	2.09	0	0	0	0	0.5	2.09	1.86	0.23	"No"	0	0	0.23	1	5.50938833662798
"MM"	253	1	0	2.09	0	0	0	0	0.4	2.09	1.76	0.33	"No"	0	0	0.33	1	5.53338948872752
"MM"	236	3	0	2.09	0	0	0	0	0.077677	2.09	1.79	0.3	"No"	0	0	0.3	3	5.46383180502561
"CH"	237	3	0	2.09	0	0	0	0	0.062142	2.09	1.79	0.3	"No"	0	0	0.3	3	5.46806014113513
"MM"	240	3	0	2.23	0	0	0	0	0.249713	2.23	1.79	0.44	"No"	0	0	0.44	3	5.48063892334199
"CH"	255	3	1	2.29	0	0	0	0	0.199771	2.29	1.99	0.3	"No"	0	0	0.3	3	5.54126354515843
"MM"	256	3	1	2.29	0	0	0	0	0.359817	2.29	1.99	0.3	"No"	0	0	0.3	3	5.54517744447956
"CH"	270	3	1	2.09	0.1	0	0	0	0.287853	2.09	1.89	0.2	"No"	0	0.050251	0.1	3	5.59842195899838
"CH"	230	7	0	1.99	0	0	0	1	0.6	1.99	1.69	0.3	"Yes"	0	0	0.3	0	5.4380793089232
"CH"	250	7	0	2.09	0	0	0	0	0.5	2.09	1.86	0.23	"Yes"	0	0	0.23	0	5.52146091786225
"CH"	272	7	0	2.13	0	0	0	0	0.6	2.13	1.86	0.27	"Yes"	0	0	0.27	0	5.605802066296
"CH"	254	7	0	2.18	0	0	0	0	0.5	2.18	1.86	0.32	"Yes"	0	0	0.32	0	5.53733426701854
"CH"	255	7	0	2.18	0	0	0	0	0.6	2.18	1.86	0.32	"Yes"	0	0	0.32	0	5.54126354515843
"CH"	258	7	0	2.18	0	0	0	0	0.68	2.18	1.86	0.32	"Yes"	0	0	0.32	0	5.55295958492162
"CH"	260	7	0	2.13	0	0.24	0	0	0.744	1.89	1.86	0.03	"Yes"	0.112676	0	0.27	0	5.56068163101553
"CH"	263	7	0	2.13	0.27	0	0	0	0.7952	2.13	1.59	0.54	"Yes"	0	0.145161	0.27	0	5.57215403217776
"CH"	264	7	0	2.13	0.37	0	1	0	0.83616	2.13	1.49	0.64	"Yes"	0	0.198925	0.27	0	5.57594910314632
"CH"	265	7	0	2.13	0.37	0	1	0	0.868928	2.13	1.49	0.64	"Yes"	0	0.198925	0.27	0	5.57972982598622
"CH"	272	7	0	2.13	0	0	0	0	0.895142	2.13	1.86	0.27	"Yes"	0	0	0.27	0	5.605802066296
"CH"	231	1	0	1.69	0.3	0.2	1	0	0.5	1.49	1.39	0.1	"No"	0.118343	0.177515	0	1	5.44241771052179
"MM"	234	7	0	1.99	0	0.4	1	0	0.6	1.59	1.75	-0.16	"Yes"	0.201005	0	0.24	0	5.4553211153577
"CH"	251	7	0	2.09	0.1	0	0	0	0.48	2.09	1.76	0.33	"Yes"	0	0.053763	0.23	0	5.52545293913178
"CH"	253	7	0	2.09	0.1	0	0	0	0.584	2.09	1.76	0.33	"Yes"	0	0.053763	0.23	0	5.53338948872752
"CH"	254	7	0	2.18	0	0	0	0	0.6672	2.18	1.86	0.32	"Yes"	0	0	0.32	0	5.53733426701854
"CH"	254	7	0	2.18	0	0	0	0	0.73376	2.18	1.86	0.32	"Yes"	0	0	0.32	0	5.53733426701854
"CH"	255	7	0	2.18	0	0	0	0	0.787008	2.18	1.86	0.32	"Yes"	0	0	0.32	0	5.54126354515843
"CH"	256	7	0	2.18	0	0	0	0	0.829606	2.18	1.86	0.32	"Yes"	0	0	0.32	0	5.54517744447956
"CH"	257	7	0	2.18	0	0	0	0	0.863685	2.18	1.86	0.32	"Yes"	0	0	0.32	0	5.54907608489522
"CH"	258	7	0	2.18	0	0	0	0	0.890948	2.18	1.86	0.32	"Yes"	0	0	0.32	0	5.55295958492162
"CH"	259	7	0	2.18	0	0	0	0	0.912758	2.18	1.86	0.32	"Yes"	0	0	0.32	0	5.55682806169954
"CH"	259	7	0	2.18	0	0	0	0	0.930207	2.18	1.86	0.32	"Yes"	0	0	0.32	0	5.55682806169954
"CH"	260	7	0	2.13	0	0.24	0	0	0.944165	1.89	1.86	0.03	"Yes"	0.112676	0	0.27	0	5.56068163101553
"CH"	260	7	0	2.13	0	0.24	0	0	0.955332	1.89	1.86	0.03	"Yes"	0.112676	0	0.27	0	5.56068163101553
"CH"	261	7	0	2.13	0	0.24	0	0	0.964266	1.89	1.86	0.03	"Yes"	0.112676	0	0.27	0	5.56452040732269
"CH"	262	7	0	2.13	0	0	0	0	0.971413	2.13	1.86	0.27	"Yes"	0	0	0.27	0	5.5683445037611
"CH"	262	7	0	2.13	0	0	0	0	0.97713	2.13	1.86	0.27	"Yes"	0	0	0.27	0	5.5683445037611
"CH"	264	7	0	2.13	0.37	0	1	0	0.981704	2.13	1.49	0.64	"Yes"	0	0.198925	0.27	0	5.57594910314632
"CH"	265	7	0	2.13	0.37	0	1	0	0.985363	2.13	1.49	0.64	"Yes"	0	0.198925	0.27	0	5.57972982598622
"CH"	266	1	0	1.99	0	0.1	0	0	0.988291	1.89	1.86	0.03	"No"	0.050251	0	0.13	1	5.5834963087817
"CH"	267	7	0	2.13	0	0	1	0	0.990633	2.13	1.86	0.27	"Yes"	0	0	0.27	0	5.58724865840025
"CH"	269	7	0	2.13	0.27	0	1	0	0.992506	2.13	1.59	0.54	"Yes"	0	0.145161	0.27	0	5.59471137960184
"CH"	277	7	1	2.13	0.5	0	0	1	0.994005	2.13	1.49	0.64	"Yes"	0	0.251256	0.14	0	5.62401750618734
"MM"	251	7	0	2.09	0.1	0	0	0	0.6	2.09	1.76	0.33	"Yes"	0	0.053763	0.23	0	5.52545293913178
"CH"	233	7	0	1.99	0	0.4	1	0	0.2048	1.59	1.75	-0.16	"Yes"	0.201005	0	0.24	0	5.4510384535657
"CH"	259	7	0	2.18	0	0	0	0	0.36384	2.18	1.86	0.32	"Yes"	0	0	0.32	0	5.55682806169954
"CH"	259	7	0	2.18	0	0	0	0	0.491072	2.18	1.86	0.32	"Yes"	0	0	0.32	0	5.55682806169954
"CH"	260	7	0	2.13	0	0.24	0	0	0.592858	1.89	1.86	0.03	"Yes"	0.112676	0	0.27	0	5.56068163101553
"CH"	262	7	0	2.13	0	0	0	0	0.674286	2.13	1.86	0.27	"Yes"	0	0	0.27	0	5.5683445037611
"CH"	262	7	0	2.13	0	0	0	0	0.739429	2.13	1.86	0.27	"Yes"	0	0	0.27	0	5.5683445037611
"CH"	264	1	0	1.99	0	0.4	0	0	0.791543	1.59	1.76	-0.17	"No"	0.201005	0	0.23	1	5.57594910314632
"CH"	265	1	0	1.99	0	0.1	0	0	0.833234	1.89	1.76	0.13	"No"	0.050251	0	0.23	1	5.57972982598622
"CH"	267	7	0	2.13	0	0	1	0	0.866588	2.13	1.86	0.27	"Yes"	0	0	0.27	0	5.58724865840025
"CH"	269	7	0	2.13	0.27	0	1	0	0.89327	2.13	1.59	0.54	"Yes"	0	0.145161	0.27	0	5.59471137960184
"CH"	270	1	0	2.18	0	0	0	0	0.914616	2.18	1.86	0.32	"No"	0	0	0.32	1	5.59842195899838
"CH"	271	1	0	2.18	0	0	0	0	0.931693	2.18	1.86	0.32	"No"	0	0	0.32	1	5.6021188208797
"CH"	272	1	0	2.18	0	0	0	0	0.945354	2.18	1.86	0.32	"No"	0	0	0.32	1	5.605802066296
"CH"	272	1	0	2.18	0	0	0	0	0.956283	2.18	1.86	0.32	"No"	0	0	0.32	1	5.605802066296
"CH"	273	7	0	2.13	0	0.54	0	0	0.965027	1.59	1.86	-0.27	"Yes"	0.253521	0	0.27	0	5.60947179518496
"CH"	274	7	0	2.13	0.47	0.54	1	0	0.972021	1.59	1.39	0.2	"Yes"	0.253521	0.252688	0.27	0	5.61312810638807
"MM"	242	2	0	1.99	0.16	0.3	0	1	0.4	1.69	1.59	0.1	"No"	0.150754	0.091429	0.24	2	5.48893772615669
"CH"	256	2	1	2.18	0.13	0	0	0	0.32	2.18	1.76	0.42	"No"	0	0.068783	0.29	2	5.54517744447956
"MM"	260	2	0	2.18	0	0.7	0	0	0.456	1.48	1.86	-0.38	"No"	0.321101	0	0.32	2	5.56068163101553
"CH"	246	3	1	2.23	0	0	0	0	0.5	2.23	1.99	0.24	"No"	0	0	0.24	3	5.50533153593236
"CH"	274	7	0	2.13	0.47	0.54	1	0	0.6	1.59	1.39	0.2	"Yes"	0.253521	0.252688	0.27	0	5.61312810638807
"MM"	242	1	0	1.99	0	0.3	0	1	0.3072	1.69	1.86	-0.17	"No"	0.150754	0	0.13	1	5.48893772615669
"CH"	239	3	0	2.23	0	0	0	0	0.813222	2.23	1.79	0.44	"No"	0	0	0.44	3	5.47646355193151
"CH"	241	3	0	2.23	0	0	0	0	0.850578	2.23	1.79	0.44	"No"	0	0	0.44	3	5.48479693349065
"CH"	244	3	1	2.23	0	0	0	0	0.880462	2.23	1.99	0.24	"No"	0	0	0.24	3	5.4971682252932
"CH"	268	3	1	2.09	0.1	0	0	0	0.90437	2.09	1.89	0.2	"No"	0	0.050251	0.1	3	5.59098698051086
"CH"	237	3	0	2.09	0	0	0	0	0.540992	2.09	1.79	0.3	"No"	0	0	0.3	3	5.46806014113513
"MM"	248	3	1	2.23	0	0	0	0	0.5	2.23	1.99	0.24	"No"	0	0	0.24	3	5.51342874616498
"MM"	262	2	0	2.18	0	0.6	0	1	0.4	1.58	1.86	-0.28	"No"	0.275229	0	0.32	2	5.5683445037611
"CH"	233	3	0	2.09	0	0	0	0	0.5072	2.09	1.79	0.3	"No"	0	0	0.3	3	5.4510384535657
"MM"	236	2	0	1.99	0	0	0	0	0.60576	1.99	1.75	0.24	"No"	0	0	0.24	2	5.46383180502561
"CH"	237	2	0	1.99	0	0	0	0	0.484608	1.99	1.75	0.24	"No"	0	0	0.24	2	5.46806014113513
"CH"	238	2	0	1.99	0	0	0	0	0.587686	1.99	1.75	0.24	"No"	0	0	0.24	2	5.47227067367148
"CH"	239	3	0	2.23	0	0	0	0	0.670149	2.23	1.79	0.44	"No"	0	0	0.44	3	5.47646355193151
"CH"	240	2	0	1.99	0	0.3	0	1	0.736119	1.69	1.75	-0.06	"No"	0.150754	0	0.24	2	5.48063892334199
"CH"	241	3	0	2.23	0	0	0	0	0.788895	2.23	1.79	0.44	"No"	0	0	0.44	3	5.48479693349065
"CH"	247	3	1	2.23	0	0	0	0	0.831116	2.23	1.99	0.24	"No"	0	0	0.24	3	5.50938833662798
"CH"	248	3	1	2.23	0	0	0	0	0.864893	2.23	1.99	0.24	"No"	0	0	0.24	3	5.51342874616498
"CH"	249	2	1	2.09	0	0	0	0	0.891914	2.09	1.89	0.2	"No"	0	0	0.2	2	5.51745289646471
"CH"	251	2	1	2.09	0.13	0	0	0	0.913532	2.09	1.76	0.33	"No"	0	0.068783	0.2	2	5.52545293913178
"CH"	254	2	1	2.09	0.13	0	0	0	0.930825	2.09	1.76	0.33	"No"	0	0.068783	0.2	2	5.53733426701854
"CH"	260	2	0	2.18	0	0.7	0	0	0.94466	1.48	1.86	-0.38	"No"	0.321101	0	0.32	2	5.56068163101553
"CH"	261	2	0	2.18	0	0	0	0	0.955728	2.18	1.86	0.32	"No"	0	0	0.32	2	5.56452040732269
"CH"	262	3	1	2.09	0	0	0	0	0.964583	2.09	1.99	0.1	"No"	0	0	0.1	3	5.5683445037611
"CH"	266	2	0	2.18	0	0	0	0	0.971666	2.18	1.86	0.32	"No"	0	0	0.32	2	5.5834963087817
"CH"	269	2	0	2.18	0	0	0	0	0.977333	2.18	1.86	0.32	"No"	0	0	0.32	2	5.59471137960184
"CH"	270	2	0	2.18	0	0	0	0	0.981866	2.18	1.86	0.32	"No"	0	0	0.32	2	5.59842195899838
"MM"	271	2	0	2.18	0	0.06	0	0	0.985493	2.12	1.86	0.26	"No"	0.027523	0	0.32	2	5.6021188208797
"CH"	271	2	0	2.18	0	0.06	0	0	0.788394	2.12	1.86	0.26	"No"	0.027523	0	0.32	2	5.6021188208797
"CH"	253	1	0	2.09	0	0	0	0	0.6	2.09	1.76	0.33	"No"	0	0	0.33	1	5.53338948872752
"CH"	266	7	0	2.13	0.37	0	1	0	0.68	2.13	1.49	0.64	"Yes"	0	0.198925	0.27	0	5.5834963087817
"CH"	265	7	0	2.13	0.37	0	1	0	0.4	2.13	1.49	0.64	"Yes"	0	0.198925	0.27	0	5.57972982598622
"CH"	267	7	0	2.13	0	0	1	0	0.52	2.13	1.86	0.27	"Yes"	0	0	0.27	0	5.58724865840025
"MM"	228	2	0	1.69	0	0	0	0	0.5	1.69	1.69	0	"No"	0	0	0	2	5.42934562895444
"MM"	243	1	0	1.99	0	0.8	0	1	0.4	1.19	1.86	-0.67	"No"	0.40201	0	0.13	1	5.49306144334055
"MM"	256	2	1	2.18	0.13	0	0	0	0.4	2.18	1.76	0.42	"No"	0	0.068783	0.29	2	5.54517744447956
"MM"	259	2	0	2.18	0	0.4	0	1	0.32	1.78	1.86	-0.08	"No"	0.183486	0	0.32	2	5.55682806169954
"MM"	261	2	0	2.18	0	0	0	0	0.256	2.18	1.86	0.32	"No"	0	0	0.32	2	5.56452040732269
"CH"	254	4	1	2.29	0	0	1	0	0.5	2.29	1.99	0.3	"No"	0	0	0.3	4	5.53733426701854
"CH"	260	1	0	1.99	0	0.2	0	0	0.6	1.79	1.76	0.03	"No"	0.100503	0	0.23	1	5.56068163101553
"CH"	266	1	0	1.99	0	0.1	0	0	0.68	1.89	1.86	0.03	"No"	0.050251	0	0.13	1	5.5834963087817
"MM"	267	1	0	1.99	0	0.2	0	1	0.744	1.79	1.86	-0.07	"No"	0.100503	0	0.13	1	5.58724865840025
"MM"	268	1	0	1.99	0	0.2	0	1	0.5952	1.79	1.86	-0.07	"No"	0.100503	0	0.13	1	5.59098698051086
"CH"	270	1	0	2.18	0	0	0	0	0.47616	2.18	1.86	0.32	"No"	0	0	0.32	1	5.59842195899838
"CH"	273	1	0	2.18	0	0	0	0	0.580928	2.18	1.86	0.32	"No"	0	0	0.32	1	5.60947179518496
"CH"	274	1	1	2.13	0	0.74	0	1	0.664742	1.39	1.96	-0.57	"No"	0.347418	0	0.17	1	5.61312810638807
"MM"	274	1	1	2.13	0	0.74	0	1	0.731794	1.39	1.96	-0.57	"No"	0.347418	0	0.17	1	5.61312810638807
"CH"	277	1	1	2.13	0.24	0	0	0	0.585435	2.13	1.75	0.38	"No"	0	0.120603	0.14	1	5.62401750618734
"MM"	235	7	0	1.99	0	0.4	0	0	0.4	1.59	1.75	-0.16	"Yes"	0.201005	0	0.24	0	5.45958551414416
"MM"	240	7	0	2.09	0	0	0	0	0.32	2.09	1.86	0.23	"Yes"	0	0	0.23	0	5.48063892334199
"MM"	242	3	1	2.23	0	0	0	0	0.256	2.23	1.99	0.24	"No"	0	0	0.24	3	5.48893772615669
"MM"	243	7	0	2.09	0	0.2	0	0	0.2048	1.89	1.86	0.03	"Yes"	0.095694	0	0.23	0	5.49306144334055
"MM"	254	7	0	2.18	0	0	0	0	0.16384	2.18	1.86	0.32	"Yes"	0	0	0.32	0	5.53733426701854
"MM"	256	7	0	2.18	0	0	0	0	0.131072	2.18	1.86	0.32	"Yes"	0	0	0.32	0	5.54517744447956
"MM"	259	7	0	2.18	0	0	0	0	0.104858	2.18	1.86	0.32	"Yes"	0	0	0.32	0	5.55682806169954
"MM"	260	7	0	2.13	0	0.24	0	0	0.083886	1.89	1.86	0.03	"Yes"	0.112676	0	0.27	0	5.56068163101553
"MM"	278	7	1	2.13	0	0	0	0	0.067109	2.13	2.06	0.07	"Yes"	0	0	0.07	0	5.62762111369064
"MM"	227	3	0	1.79	0	0	0	1	0.053687	1.79	1.79	0	"No"	0	0	0	3	5.4249500174814
"MM"	228	3	0	1.79	0	0	0	0	0.04295	1.79	1.79	0	"No"	0	0	0	3	5.42934562895444
"MM"	229	3	0	1.79	0	0	0	0	0.03436	1.79	1.79	0	"No"	0	0	0	3	5.43372200355424
"MM"	230	3	0	1.79	0	0	0	0	0.027488	1.79	1.79	0	"No"	0	0	0	3	5.4380793089232
"MM"	231	3	0	1.79	0	0	0	0	0.02199	1.79	1.79	0	"No"	0	0	0	3	5.44241771052179
"MM"	232	3	0	2.09	0	0	0	0	0.017592	2.09	1.79	0.3	"No"	0	0	0.3	3	5.44673737166631
"MM"	233	3	0	2.09	0	0	0	0	0.014074	2.09	1.79	0.3	"No"	0	0	0.3	3	5.4510384535657
"MM"	234	3	0	2.09	0	0	0	0	0.011259	2.09	1.79	0.3	"No"	0	0	0.3	3	5.4553211153577
"MM"	235	3	0	2.09	0	0	0	0	0.009007	2.09	1.79	0.3	"No"	0	0	0.3	3	5.45958551414416
"MM"	236	3	0	2.09	0	0	0	0	0.007206	2.09	1.79	0.3	"No"	0	0	0.3	3	5.46383180502561
"MM"	241	3	0	2.23	0	0	0	0	0.005765	2.23	1.79	0.44	"No"	0	0	0.44	3	5.48479693349065
"MM"	245	3	1	2.23	0	0	0	0	0.004612	2.23	1.99	0.24	"No"	0	0	0.24	3	5.50125821054473
"MM"	247	3	1	2.23	0	0	0	0	0.003689	2.23	1.99	0.24	"No"	0	0	0.24	3	5.50938833662798
"MM"	248	3	1	2.23	0	0	0	0	0.002951	2.23	1.99	0.24	"No"	0	0	0.24	3	5.51342874616498
"MM"	249	3	1	2.23	0	0	0	0	0.002361	2.23	1.99	0.24	"No"	0	0	0.24	3	5.51745289646471
"MM"	250	3	1	2.23	0	0	0	0	0.001889	2.23	1.99	0.24	"No"	0	0	0.24	3	5.52146091786225
"MM"	254	3	1	2.29	0	0	1	0	0.001511	2.29	1.99	0.3	"No"	0	0	0.3	3	5.53733426701854
"MM"	255	3	1	2.29	0	0	0	0	0.001209	2.29	1.99	0.3	"No"	0	0	0.3	3	5.54126354515843
"MM"	256	3	1	2.29	0	0	0	0	0.000967	2.29	1.99	0.3	"No"	0	0	0.3	3	5.54517744447956
"MM"	257	3	1	2.29	0	0.4	0	1	0.000774	1.89	1.99	-0.1	"No"	0.174672	0	0.3	3	5.54907608489522
"MM"	259	3	1	2.29	0	0	0	0	0.000619	2.29	1.99	0.3	"No"	0	0	0.3	3	5.55682806169954
"MM"	259	3	1	2.29	0	0	0	0	0.000495	2.29	1.99	0.3	"No"	0	0	0.3	3	5.55682806169954
"MM"	260	3	1	2.09	0	0	0	0	0.000396	2.09	1.99	0.1	"No"	0	0	0.1	3	5.56068163101553
"MM"	263	3	1	2.09	0	0	0	0	0.000317	2.09	1.99	0.1	"No"	0	0	0.1	3	5.57215403217776
"MM"	264	3	1	2.09	0.1	0	0	0	0.000254	2.09	1.89	0.2	"No"	0	0.050251	0.1	3	5.57594910314632
"MM"	265	3	1	2.09	0.1	0	0	0	0.000203	2.09	1.89	0.2	"No"	0	0.050251	0.1	3	5.57972982598622
"MM"	266	3	1	2.09	0.1	0	0	0	0.000162	2.09	1.89	0.2	"No"	0	0.050251	0.1	3	5.5834963087817
"MM"	267	3	1	2.09	0.1	0	0	0	0.00013	2.09	1.89	0.2	"No"	0	0.050251	0.1	3	5.58724865840025
"MM"	267	3	1	2.09	0.1	0	0	0	0.000104	2.09	1.89	0.2	"No"	0	0.050251	0.1	3	5.58724865840025
"MM"	268	3	1	2.09	0.1	0	0	0	8.3e-05	2.09	1.89	0.2	"No"	0	0.050251	0.1	3	5.59098698051086
"MM"	269	3	1	2.09	0.1	0	0	0	6.6e-05	2.09	1.89	0.2	"No"	0	0.050251	0.1	3	5.59471137960184
"MM"	269	3	1	2.09	0.1	0	0	0	5.3e-05	2.09	1.89	0.2	"No"	0	0.050251	0.1	3	5.59471137960184
"MM"	270	3	1	2.09	0.1	0	0	0	4.3e-05	2.09	1.89	0.2	"No"	0	0.050251	0.1	3	5.59842195899838
"MM"	271	3	1	2.09	0.1	0.4	1	0	3.4e-05	1.69	1.89	-0.2	"No"	0.191388	0.050251	0.1	3	5.6021188208797
"MM"	272	3	1	2.09	0	0.4	0	0	2.7e-05	1.69	1.99	-0.3	"No"	0.191388	0	0.1	3	5.605802066296
"MM"	273	3	1	2.09	0	0.4	0	0	2.2e-05	1.69	1.99	-0.3	"No"	0.191388	0	0.1	3	5.60947179518496
"MM"	274	3	1	2.09	0	0.4	0	0	1.7e-05	1.69	1.99	-0.3	"No"	0.191388	0	0.1	3	5.61312810638807
"MM"	275	3	1	2.09	0	0.4	0	0	1.4e-05	1.69	2.09	-0.4	"No"	0.191388	0	0	3	5.61677109766657
"MM"	276	3	1	2.09	0.2	0.4	0	0	1.1e-05	1.69	1.89	-0.2	"No"	0.191388	0.095694	0	3	5.62040086571715
"CH"	269	7	0	2.13	0.27	0	1	0	0.5	2.13	1.59	0.54	"Yes"	0	0.145161	0.27	0	5.59471137960184
"CH"	270	7	0	2.13	0.27	0	1	0	0.6	2.13	1.59	0.54	"Yes"	0	0.145161	0.27	0	5.59842195899838
"CH"	275	1	1	2.13	0	0.74	0	1	0.68	1.39	1.96	-0.57	"No"	0.347418	0	0.17	1	5.61677109766657
"MM"	274	4	1	2.09	0	0.4	0	0	0.5	1.69	1.99	-0.3	"No"	0.191388	0	0.1	4	5.61312810638807
"MM"	275	4	1	2.09	0	0.4	0	0	0.4	1.69	2.09	-0.4	"No"	0.191388	0	0	4	5.61677109766657
"MM"	276	4	1	2.09	0.2	0.4	0	0	0.32	1.69	1.89	-0.2	"No"	0.191388	0.095694	0	4	5.62040086571715
"MM"	230	1	0	1.69	0	0.2	0	0	0.3072	1.49	1.69	-0.2	"No"	0.118343	0	0	1	5.4380793089232
"MM"	242	1	0	1.99	0	0.3	0	1	0.24576	1.69	1.86	-0.17	"No"	0.150754	0	0.13	1	5.48893772615669
"CH"	250	7	0	2.09	0	0	0	0	0.196608	2.09	1.86	0.23	"Yes"	0	0	0.23	0	5.52146091786225
"MM"	229	3	0	1.79	0	0	0	0	0.48	1.79	1.79	0	"No"	0	0	0	3	5.43372200355424
"MM"	246	3	1	2.23	0	0	0	0	0.384	2.23	1.99	0.24	"No"	0	0	0.24	3	5.50533153593236
"MM"	252	3	1	2.23	0	0	0	0	0.3072	2.23	1.99	0.24	"No"	0	0	0.24	3	5.52942908751142
"CH"	253	3	1	2.23	0	0	0	0	0.24576	2.23	1.99	0.24	"No"	0	0	0.24	3	5.53338948872752
"CH"	256	3	1	2.29	0	0	0	0	0.396608	2.29	1.99	0.3	"No"	0	0	0.3	3	5.54517744447956
"CH"	259	3	1	2.29	0	0	0	0	0.517286	2.29	1.99	0.3	"No"	0	0	0.3	3	5.55682806169954
"CH"	259	3	1	2.29	0	0	0	0	0.613829	2.29	1.99	0.3	"No"	0	0	0.3	3	5.55682806169954
"CH"	271	3	1	2.09	0.1	0.4	1	0	0.691063	1.69	1.89	-0.2	"No"	0.191388	0.050251	0.1	3	5.6021188208797
"MM"	275	3	1	2.09	0	0.4	0	0	0.752851	1.69	2.09	-0.4	"No"	0.191388	0	0	3	5.61677109766657
"CH"	233	7	0	1.99	0	0.4	1	0	0.5	1.59	1.75	-0.16	"Yes"	0.201005	0	0.24	0	5.4510384535657
"MM"	262	1	0	1.99	0	0.4	0	1	0.6	1.59	1.76	-0.17	"No"	0.201005	0	0.23	1	5.5683445037611
"MM"	234	3	0	2.09	0	0	0	0	0.256	2.09	1.79	0.3	"No"	0	0	0.3	3	5.4553211153577
"MM"	238	7	0	1.99	0	0.4	0	0	0.2048	1.59	1.75	-0.16	"Yes"	0.201005	0	0.24	0	5.47227067367148
"CH"	228	2	0	1.69	0	0	0	0	0.6	1.69	1.69	0	"No"	0	0	0	2	5.42934562895444
"CH"	229	7	0	1.69	0	0.2	0	1	0.68	1.49	1.69	-0.2	"Yes"	0.118343	0	0	0	5.43372200355424
"CH"	232	4	0	2.09	0	0	0	0	0.4	2.09	1.79	0.3	"No"	0	0	0.3	4	5.44673737166631
"MM"	232	1	0	1.99	0	0	1	0	0.52	1.99	1.69	0.3	"No"	0	0	0.3	1	5.44673737166631
"CH"	266	1	0	1.99	0	0.1	0	0	0.416	1.89	1.86	0.03	"No"	0.050251	0	0.13	1	5.5834963087817
"MM"	241	1	0	1.99	0	0.3	0	1	0.3648	1.69	1.86	-0.17	"No"	0.150754	0	0.13	1	5.48479693349065
"CH"	248	2	1	2.09	0	0	0	0	0.29184	2.09	1.89	0.2	"No"	0	0	0.2	2	5.51342874616498
"CH"	273	1	0	2.18	0	0	0	0	0.433472	2.18	1.86	0.32	"No"	0	0	0.32	1	5.60947179518496
"MM"	256	2	1	2.18	0.13	0	0	0	0.5	2.18	1.76	0.42	"No"	0	0.068783	0.29	2	5.54517744447956
"MM"	259	2	0	2.18	0	0.4	0	1	0.4	1.78	1.86	-0.08	"No"	0.183486	0	0.32	2	5.55682806169954
"MM"	237	2	0	1.99	0	0	0	0	0.5648	1.99	1.75	0.24	"No"	0	0	0.24	2	5.46806014113513
"CH"	242	3	1	2.23	0	0	0	0	0.45184	2.23	1.99	0.24	"No"	0	0	0.24	3	5.48893772615669
"CH"	278	3	1	2.09	0.2	0	0	0	0.561472	2.09	1.89	0.2	"No"	0	0.095694	0	3	5.62762111369064
"CH"	250	2	1	2.09	0	0	0	0	0.6	2.09	1.89	0.2	"No"	0	0	0.2	2	5.52146091786225
"CH"	253	2	1	2.09	0.13	0	0	0	0.68	2.09	1.76	0.33	"No"	0	0.068783	0.2	2	5.53338948872752
"CH"	256	2	1	2.18	0.13	0	0	0	0.744	2.18	1.76	0.42	"No"	0	0.068783	0.29	2	5.54517744447956
"CH"	260	2	0	2.18	0	0.7	0	0	0.7952	1.48	1.86	-0.38	"No"	0.321101	0	0.32	2	5.56068163101553
"CH"	261	2	0	2.18	0	0	0	0	0.83616	2.18	1.86	0.32	"No"	0	0	0.32	2	5.56452040732269
"CH"	263	7	0	2.13	0.27	0	0	0	0.868928	2.13	1.59	0.54	"Yes"	0	0.145161	0.27	0	5.57215403217776
"MM"	278	7	1	2.13	0	0	0	0	0.6	2.13	2.06	0.07	"Yes"	0	0	0.07	0	5.62762111369064
"MM"	228	2	0	1.69	0	0	0	0	0.5	1.69	1.69	0	"No"	0	0	0	2	5.42934562895444
"MM"	229	2	0	1.69	0	0	0	0	0.4	1.69	1.69	0	"No"	0	0	0	2	5.43372200355424
"MM"	235	2	0	1.99	0	0	0	0	0.32	1.99	1.69	0.3	"No"	0	0	0.3	2	5.45958551414416
"MM"	244	2	0	2.09	0	0	0	0	0.256	2.09	1.86	0.23	"No"	0	0	0.23	2	5.4971682252932
"MM"	245	2	1	2.09	0	0	0	0	0.2048	2.09	1.89	0.2	"No"	0	0	0.2	2	5.50125821054473
"MM"	248	2	1	2.09	0	0	0	0	0.16384	2.09	1.89	0.2	"No"	0	0	0.2	2	5.51342874616498
"CH"	232	7	0	1.99	0	0.4	1	1	0.6	1.59	1.69	-0.1	"Yes"	0.201005	0	0.3	0	5.44673737166631
"MM"	267	2	0	2.18	0	0.4	0	1	0.68	1.78	1.86	-0.08	"No"	0.183486	0	0.32	2	5.58724865840025
"MM"	260	1	0	1.99	0	0.2	0	0	0.6	1.79	1.76	0.03	"No"	0.100503	0	0.23	1	5.56068163101553
"CH"	276	2	1	2.18	0	0	0	1	0.5	2.18	1.99	0.19	"No"	0	0	0.19	2	5.62040086571715
"CH"	278	2	1	2.18	0	0	0	0	0.6	2.18	1.99	0.19	"No"	0	0	0.19	2	5.62762111369064
"CH"	232	1	0	1.99	0	0	1	0	0.586313	1.99	1.69	0.3	"No"	0	0	0.3	1	5.44673737166631
"CH"	247	1	0	2.09	0	0	0	0	0.66905	2.09	1.86	0.23	"No"	0	0	0.23	1	5.50938833662798
"CH"	250	1	0	2.09	0	0	0	0	0.73524	2.09	1.86	0.23	"No"	0	0	0.23	1	5.52146091786225
"MM"	230	3	0	1.79	0	0	0	0	0.131072	1.79	1.79	0	"No"	0	0	0	3	5.4380793089232
"MM"	232	3	0	2.09	0	0	0	0	0.104858	2.09	1.79	0.3	"No"	0	0	0.3	3	5.44673737166631
"MM"	233	3	0	2.09	0	0	0	0	0.083886	2.09	1.79	0.3	"No"	0	0	0.3	3	5.4510384535657
"MM"	234	3	0	2.09	0	0	0	0	0.067109	2.09	1.79	0.3	"No"	0	0	0.3	3	5.4553211153577
"CH"	273	3	1	2.09	0	0.4	0	0	0.053687	1.69	1.99	-0.3	"No"	0.191388	0	0.1	3	5.60947179518496
"CH"	274	7	0	2.13	0.47	0.54	1	0	0.5	1.59	1.39	0.2	"Yes"	0.253521	0.252688	0.27	0	5.61312810638807
"MM"	275	2	1	2.18	0	0.8	0	1	0.6	1.38	1.96	-0.58	"No"	0.366972	0	0.22	2	5.61677109766657
"MM"	241	3	0	2.23	0	0	0	0	0.5	2.23	1.79	0.44	"No"	0	0	0.44	3	5.48479693349065
"CH"	259	2	0	2.18	0	0.4	0	1	0.4	1.78	1.86	-0.08	"No"	0.183486	0	0.32	2	5.55682806169954
"MM"	237	1	0	1.99	0	0	0	0	0.104858	1.99	1.75	0.24	"No"	0	0	0.24	1	5.46806014113513
"MM"	257	1	0	2.18	0	0	0	0	0.083886	2.18	1.76	0.42	"No"	0	0	0.42	1	5.54907608489522
"MM"	259	1	0	1.99	0	0.2	0	1	0.067109	1.79	1.76	0.03	"No"	0.100503	0	0.23	1	5.55682806169954
"MM"	262	1	0	1.99	0	0.4	0	1	0.053687	1.59	1.76	-0.17	"No"	0.201005	0	0.23	1	5.5683445037611
"MM"	263	1	0	1.99	0	0.4	0	1	0.04295	1.59	1.76	-0.17	"No"	0.201005	0	0.23	1	5.57215403217776
"MM"	274	1	1	2.13	0	0.74	0	1	0.03436	1.39	1.96	-0.57	"No"	0.347418	0	0.17	1	5.61312810638807
"MM"	244	7	0	2.09	0	0.2	0	0	0.52	1.89	1.86	0.03	"Yes"	0.095694	0	0.23	0	5.4971682252932
"MM"	276	7	1	2.13	0	0.54	0	1	0.416	1.59	1.99	-0.4	"Yes"	0.253521	0	0.14	0	5.62040086571715
"MM"	277	7	1	2.13	0.5	0	0	1	0.3328	2.13	1.49	0.64	"Yes"	0	0.251256	0.14	0	5.62401750618734
"CH"	237	3	0	2.09	0	0	0	0	0.5	2.09	1.79	0.3	"No"	0	0	0.3	3	5.46806014113513
"CH"	241	3	0	2.23	0	0	0	0	0.6	2.23	1.79	0.44	"No"	0	0	0.44	3	5.48479693349065
"CH"	256	7	0	2.18	0	0	0	0	0.5	2.18	1.86	0.32	"Yes"	0	0	0.32	0	5.54517744447956
"CH"	258	1	0	2.18	0	0	0	0	0.6	2.18	1.76	0.42	"No"	0	0	0.42	1	5.55295958492162
"CH"	259	7	0	2.18	0	0	0	0	0.68	2.18	1.86	0.32	"Yes"	0	0	0.32	0	5.55682806169954
"CH"	259	7	0	2.18	0	0	0	0	0.744	2.18	1.86	0.32	"Yes"	0	0	0.32	0	5.55682806169954
"CH"	262	7	0	2.13	0	0	0	0	0.7952	2.13	1.86	0.27	"Yes"	0	0	0.27	0	5.5683445037611
"CH"	264	7	0	2.13	0.37	0	1	0	0.83616	2.13	1.49	0.64	"Yes"	0	0.198925	0.27	0	5.57594910314632
"CH"	265	7	0	2.13	0.37	0	1	0	0.868928	2.13	1.49	0.64	"Yes"	0	0.198925	0.27	0	5.57972982598622
"CH"	265	7	0	2.13	0.37	0	1	0	0.895142	2.13	1.49	0.64	"Yes"	0	0.198925	0.27	0	5.57972982598622
"CH"	266	7	0	2.13	0.37	0	1	0	0.916114	2.13	1.49	0.64	"Yes"	0	0.198925	0.27	0	5.5834963087817
"CH"	267	7	0	2.13	0	0	1	0	0.932891	2.13	1.86	0.27	"Yes"	0	0	0.27	0	5.58724865840025
"CH"	268	7	0	2.13	0	0	0	0	0.946313	2.13	1.86	0.27	"Yes"	0	0	0.27	0	5.59098698051086
"CH"	269	7	0	2.13	0.27	0	1	0	0.95705	2.13	1.59	0.54	"Yes"	0	0.145161	0.27	0	5.59471137960184
"CH"	269	1	0	2.18	0	0	0	0	0.96564	2.18	1.86	0.32	"No"	0	0	0.32	1	5.59471137960184
"CH"	270	7	0	2.13	0.27	0	1	0	0.972512	2.13	1.59	0.54	"Yes"	0	0.145161	0.27	0	5.59842195899838
"CH"	271	7	0	2.13	0	0	0	0	0.97801	2.13	1.86	0.27	"Yes"	0	0	0.27	0	5.6021188208797
"CH"	273	7	0	2.13	0	0.54	0	0	0.982408	1.59	1.86	-0.27	"Yes"	0.253521	0	0.27	0	5.60947179518496
"CH"	274	7	0	2.13	0.47	0.54	1	0	0.985926	1.59	1.39	0.2	"Yes"	0.253521	0.252688	0.27	0	5.61312810638807
"CH"	277	7	1	2.13	0.5	0	0	1	0.988741	2.13	1.49	0.64	"Yes"	0	0.251256	0.14	0	5.62401750618734
"CH"	228	4	0	1.79	0	0	0	0	0.740314	1.79	1.79	0	"No"	0	0	0	4	5.42934562895444
"CH"	229	4	0	1.79	0	0	0	0	0.792251	1.79	1.79	0	"No"	0	0	0	4	5.43372200355424
"CH"	231	4	0	1.79	0	0	0	0	0.833801	1.79	1.79	0	"No"	0	0	0	4	5.44241771052179
"CH"	232	4	0	2.09	0	0	0	0	0.867041	2.09	1.79	0.3	"No"	0	0	0.3	4	5.44673737166631
"CH"	240	4	0	2.23	0	0	0	0	0.893632	2.23	1.79	0.44	"No"	0	0	0.44	4	5.48063892334199
"CH"	244	4	1	2.23	0	0	0	0	0.914906	2.23	1.99	0.24	"No"	0	0	0.24	4	5.4971682252932
"CH"	248	1	0	2.09	0	0	0	0	0.931925	2.09	1.86	0.23	"No"	0	0	0.23	1	5.51342874616498
"CH"	251	4	1	2.23	0	0	0	0	0.94554	2.23	1.99	0.24	"No"	0	0	0.24	4	5.52545293913178
"CH"	270	4	1	2.09	0.1	0	0	0	0.956432	2.09	1.89	0.2	"No"	0	0.050251	0.1	4	5.59842195899838
"CH"	274	4	1	2.09	0	0.4	0	0	0.965145	1.69	1.99	-0.3	"No"	0.191388	0	0.1	4	5.61312810638807
"MM"	228	2	0	1.69	0	0	0	0	0.32	1.69	1.69	0	"No"	0	0	0	2	5.42934562895444
"MM"	237	3	0	2.09	0	0	0	0	0.256	2.09	1.79	0.3	"No"	0	0	0.3	3	5.46806014113513
"MM"	241	3	0	2.23	0	0	0	0	0.2048	2.23	1.79	0.44	"No"	0	0	0.44	3	5.48479693349065
"MM"	252	3	1	2.23	0	0	0	0	0.16384	2.23	1.99	0.24	"No"	0	0	0.24	3	5.52942908751142
"MM"	231	4	0	1.79	0	0	0	0	0.6	1.79	1.79	0	"No"	0	0	0	4	5.44241771052179
"CH"	251	4	1	2.23	0	0	0	0	0.48	2.23	1.99	0.24	"No"	0	0	0.24	4	5.52545293913178
"MM"	243	1	0	1.99	0	0.8	0	1	0.32	1.19	1.86	-0.67	"No"	0.40201	0	0.13	1	5.49306144334055
"MM"	262	2	0	2.18	0	0.6	0	1	0.256	1.58	1.86	-0.28	"No"	0.275229	0	0.32	2	5.5683445037611
"MM"	268	1	0	1.99	0	0.2	0	1	0.2048	1.79	1.86	-0.07	"No"	0.100503	0	0.13	1	5.59098698051086
"CH"	268	2	0	2.18	0	0	0	1	0.16384	2.18	1.86	0.32	"No"	0	0	0.32	2	5.59098698051086
"MM"	270	2	0	2.18	0	0	0	0	0.331072	2.18	1.86	0.32	"No"	0	0	0.32	2	5.59842195899838
"CH"	273	2	0	2.18	0	0.06	0	0	0.264858	2.12	1.86	0.26	"No"	0.027523	0	0.32	2	5.60947179518496
"MM"	274	7	0	2.13	0.47	0.54	1	0	0.411886	1.59	1.39	0.2	"Yes"	0.253521	0.252688	0.27	0	5.61312810638807
"MM"	274	2	1	2.18	0	0.8	0	1	0.329509	1.38	1.96	-0.58	"No"	0.366972	0	0.22	2	5.61312810638807
"MM"	274	2	1	2.18	0	0.8	0	1	0.263607	1.38	1.96	-0.58	"No"	0.366972	0	0.22	2	5.61312810638807
"MM"	275	2	1	2.18	0	0.8	0	1	0.210886	1.38	1.96	-0.58	"No"	0.366972	0	0.22	2	5.61677109766657
"MM"	275	2	1	2.18	0	0.8	0	1	0.168709	1.38	1.96	-0.58	"No"	0.366972	0	0.22	2	5.61677109766657
"MM"	234	7	0	1.99	0	0.4	1	0	0.5	1.59	1.75	-0.16	"Yes"	0.201005	0	0.24	0	5.4553211153577
"CH"	269	7	0	2.13	0.27	0	1	0	0.4	2.13	1.59	0.54	"Yes"	0	0.145161	0.27	0	5.59471137960184
"CH"	232	1	0	1.99	0	0	1	0	0.7952	1.99	1.69	0.3	"No"	0	0	0.3	1	5.44673737166631
"CH"	232	1	0	1.99	0	0	1	0	0.83616	1.99	1.69	0.3	"No"	0	0	0.3	1	5.44673737166631
"CH"	234	1	0	1.99	0	0	0	0	0.868928	1.99	1.69	0.3	"No"	0	0	0.3	1	5.4553211153577
"CH"	237	1	0	1.99	0	0	0	0	0.895142	1.99	1.75	0.24	"No"	0	0	0.24	1	5.46806014113513
"CH"	240	7	0	2.09	0	0	0	0	0.916114	2.09	1.86	0.23	"Yes"	0	0	0.23	0	5.48063892334199
"CH"	242	1	0	1.99	0	0.3	0	1	0.932891	1.69	1.86	-0.17	"No"	0.150754	0	0.13	1	5.48893772615669
"CH"	246	1	0	2.09	0	0	0	0	0.946313	2.09	1.86	0.23	"No"	0	0	0.23	1	5.50533153593236
"CH"	251	7	0	2.09	0.1	0	0	0	0.95705	2.09	1.76	0.33	"Yes"	0	0.053763	0.23	0	5.52545293913178
"CH"	253	7	0	2.09	0.1	0	0	0	0.96564	2.09	1.76	0.33	"Yes"	0	0.053763	0.23	0	5.53338948872752
"CH"	259	1	0	1.99	0	0.2	0	1	0.972512	1.79	1.76	0.03	"No"	0.100503	0	0.23	1	5.55682806169954
"CH"	274	7	0	2.13	0.47	0.54	1	0	0.97801	1.59	1.39	0.2	"Yes"	0.253521	0.252688	0.27	0	5.61312810638807
"MM"	234	7	0	1.99	0	0.4	1	0	0.5	1.59	1.75	-0.16	"Yes"	0.201005	0	0.24	0	5.4553211153577
"CH"	256	7	0	2.18	0	0	0	0	0.4	2.18	1.86	0.32	"Yes"	0	0	0.32	0	5.54517744447956
"CH"	228	7	0	1.69	0	0	0	0	0.351365	1.69	1.69	0	"Yes"	0	0	0	0	5.42934562895444
"MM"	231	7	0	1.99	0	0	0	0	0.481092	1.99	1.69	0.3	"Yes"	0	0	0.3	0	5.44241771052179
"CH"	233	7	0	1.99	0	0.4	1	0	0.384874	1.59	1.75	-0.16	"Yes"	0.201005	0	0.24	0	5.4510384535657
"CH"	236	7	0	1.99	0	0.4	0	0	0.507899	1.59	1.75	-0.16	"Yes"	0.201005	0	0.24	0	5.46383180502561
"MM"	260	4	1	2.09	0	0	0	0	0.606319	2.09	1.99	0.1	"No"	0	0	0.1	4	5.56068163101553
"CH"	268	7	0	2.13	0	0	0	0	0.485055	2.13	1.86	0.27	"Yes"	0	0	0.27	0	5.59098698051086
"CH"	269	7	0	2.13	0.27	0	1	0	0.588044	2.13	1.59	0.54	"Yes"	0	0.145161	0.27	0	5.59471137960184
"CH"	274	7	0	2.13	0.47	0.54	1	0	0.670435	1.59	1.39	0.2	"Yes"	0.253521	0.252688	0.27	0	5.61312810638807
"MM"	275	7	1	2.13	0	0.54	1	0	0.736348	1.59	1.99	-0.4	"Yes"	0.253521	0	0.14	0	5.61677109766657
"MM"	276	7	1	2.13	0	0.54	0	1	0.589079	1.59	1.99	-0.4	"Yes"	0.253521	0	0.14	0	5.62040086571715
"CH"	248	4	1	2.23	0	0	0	0	0.5	2.23	1.99	0.24	"No"	0	0	0.24	4	5.51342874616498
"CH"	251	4	1	2.23	0	0	0	0	0.6	2.23	1.99	0.24	"No"	0	0	0.24	4	5.52545293913178
"CH"	254	4	1	2.29	0	0	1	0	0.68	2.29	1.99	0.3	"No"	0	0	0.3	4	5.53733426701854
"CH"	256	4	1	2.29	0	0	0	0	0.744	2.29	1.99	0.3	"No"	0	0	0.3	4	5.54517744447956
"MM"	258	4	1	2.29	0	0	0	0	0.7952	2.29	1.99	0.3	"No"	0	0	0.3	4	5.55295958492162
"CH"	260	4	1	2.09	0	0	0	0	0.63616	2.09	1.99	0.1	"No"	0	0	0.1	4	5.56068163101553
"CH"	262	4	1	2.09	0	0	0	0	0.708928	2.09	1.99	0.1	"No"	0	0	0.1	4	5.5683445037611
"CH"	264	4	1	2.09	0.1	0	0	0	0.767142	2.09	1.89	0.2	"No"	0	0.050251	0.1	4	5.57594910314632
"CH"	267	4	1	2.09	0.1	0	0	0	0.813714	2.09	1.89	0.2	"No"	0	0.050251	0.1	4	5.58724865840025
"CH"	277	4	1	2.09	0.2	0.4	0	0	0.850971	1.69	1.89	-0.2	"No"	0.191388	0.095694	0	4	5.62401750618734
"MM"	236	7	0	1.99	0	0.4	0	0	0.4	1.59	1.75	-0.16	"Yes"	0.201005	0	0.24	0	5.46383180502561
"CH"	233	7	0	1.99	0	0.4	1	0	0.6	1.59	1.75	-0.16	"Yes"	0.201005	0	0.24	0	5.4510384535657
"MM"	262	1	0	1.99	0	0.4	0	1	0.68	1.59	1.76	-0.17	"No"	0.201005	0	0.23	1	5.5683445037611
"CH"	265	7	0	2.13	0.37	0	1	0	0.544	2.13	1.49	0.64	"Yes"	0	0.198925	0.27	0	5.57972982598622
"CH"	269	7	0	2.13	0.27	0	1	0	0.6352	2.13	1.59	0.54	"Yes"	0	0.145161	0.27	0	5.59471137960184
"CH"	273	1	0	2.18	0	0	0	0	0.70816	2.18	1.86	0.32	"No"	0	0	0.32	1	5.60947179518496
"CH"	274	7	0	2.13	0.47	0.54	1	0	0.766528	1.59	1.39	0.2	"Yes"	0.253521	0.252688	0.27	0	5.61312810638807
"CH"	252	7	0	2.09	0.1	0	0	0	0.5	2.09	1.76	0.33	"Yes"	0	0.053763	0.23	0	5.52942908751142
"CH"	253	7	0	2.09	0.1	0	0	0	0.6	2.09	1.76	0.33	"Yes"	0	0.053763	0.23	0	5.53338948872752
"CH"	254	7	0	2.18	0	0	0	0	0.68	2.18	1.86	0.32	"Yes"	0	0	0.32	0	5.53733426701854
"CH"	256	7	0	2.18	0	0	0	0	0.744	2.18	1.86	0.32	"Yes"	0	0	0.32	0	5.54517744447956
"CH"	257	7	0	2.18	0	0	0	0	0.7952	2.18	1.86	0.32	"Yes"	0	0	0.32	0	5.54907608489522
"CH"	258	7	0	2.18	0	0	0	0	0.83616	2.18	1.86	0.32	"Yes"	0	0	0.32	0	5.55295958492162
"CH"	259	7	0	2.18	0	0	0	0	0.868928	2.18	1.86	0.32	"Yes"	0	0	0.32	0	5.55682806169954
"CH"	260	7	0	2.13	0	0.24	0	0	0.895142	1.89	1.86	0.03	"Yes"	0.112676	0	0.27	0	5.56068163101553
"CH"	262	7	0	2.13	0	0	0	0	0.916114	2.13	1.86	0.27	"Yes"	0	0	0.27	0	5.5683445037611
"CH"	265	7	0	2.13	0.37	0	1	0	0.932891	2.13	1.49	0.64	"Yes"	0	0.198925	0.27	0	5.57972982598622
"CH"	266	7	0	2.13	0.37	0	1	0	0.946313	2.13	1.49	0.64	"Yes"	0	0.198925	0.27	0	5.5834963087817
"CH"	269	7	0	2.13	0.27	0	1	0	0.95705	2.13	1.59	0.54	"Yes"	0	0.145161	0.27	0	5.59471137960184
"CH"	274	7	0	2.13	0.47	0.54	1	0	0.96564	1.59	1.39	0.2	"Yes"	0.253521	0.252688	0.27	0	5.61312810638807
"MM"	275	7	1	2.13	0	0.54	1	0	0.972512	1.59	1.99	-0.4	"Yes"	0.253521	0	0.14	0	5.61677109766657
"CH"	277	7	1	2.13	0.5	0	0	1	0.77801	2.13	1.49	0.64	"Yes"	0	0.251256	0.14	0	5.62401750618734
"MM"	231	7	0	1.99	0	0	0	0	0.256	1.99	1.69	0.3	"Yes"	0	0	0.3	0	5.44241771052179
"MM"	233	7	0	1.99	0	0.4	1	0	0.2048	1.59	1.75	-0.16	"Yes"	0.201005	0	0.24	0	5.4510384535657
"CH"	238	1	0	1.99	0	0	0	0	0.16384	1.99	1.75	0.24	"No"	0	0	0.24	1	5.47227067367148
"CH"	247	1	0	2.09	0	0	0	0	0.331072	2.09	1.86	0.23	"No"	0	0	0.23	1	5.50938833662798
"CH"	273	1	0	2.18	0	0	0	0	0.464858	2.18	1.86	0.32	"No"	0	0	0.32	1	5.60947179518496
"MM"	275	1	1	2.13	0	0.74	0	1	0.571886	1.39	1.96	-0.57	"No"	0.347418	0	0.17	1	5.61677109766657
"MM"	276	2	1	2.18	0	0	0	1	0.32	2.18	1.99	0.19	"No"	0	0	0.19	2	5.62040086571715
"CH"	236	2	0	1.99	0	0	0	0	0.5	1.99	1.75	0.24	"No"	0	0	0.24	2	5.46383180502561
"MM"	273	2	0	2.18	0	0.06	0	0	0.6	2.12	1.86	0.26	"No"	0.027523	0	0.32	2	5.60947179518496
"MM"	247	2	1	2.09	0	0	0	0	0.68	2.09	1.89	0.2	"No"	0	0	0.2	2	5.50938833662798
"MM"	246	2	1	2.09	0	0	0	0	0.5	2.09	1.89	0.2	"No"	0	0	0.2	2	5.50533153593236
"CH"	246	2	1	2.09	0	0	0	0	0.4	2.09	1.89	0.2	"No"	0	0	0.2	2	5.50533153593236
"MM"	266	3	1	2.09	0.1	0	0	0	0.52	2.09	1.89	0.2	"No"	0	0.050251	0.1	3	5.5834963087817
"MM"	277	1	1	2.13	0.24	0	0	0	0.416	2.13	1.75	0.38	"No"	0	0.120603	0.14	1	5.62401750618734
"CH"	268	2	0	2.18	0	0	0	1	0.4	2.18	1.86	0.32	"No"	0	0	0.32	2	5.59098698051086
"CH"	269	7	0	2.13	0.27	0	1	0	0.52	2.13	1.59	0.54	"Yes"	0	0.145161	0.27	0	5.59471137960184
"CH"	269	2	0	2.18	0	0	0	0	0.616	2.18	1.86	0.32	"No"	0	0	0.32	2	5.59471137960184
"MM"	272	2	0	2.18	0	0.06	0	0	0.6928	2.12	1.86	0.26	"No"	0.027523	0	0.32	2	5.605802066296
"MM"	275	7	1	2.13	0	0.54	1	0	0.55424	1.59	1.99	-0.4	"Yes"	0.253521	0	0.14	0	5.61677109766657
"MM"	276	7	1	2.13	0	0.54	0	1	0.443392	1.59	1.99	-0.4	"Yes"	0.253521	0	0.14	0	5.62040086571715
"MM"	231	3	0	1.79	0	0	0	0	0.4	1.79	1.79	0	"No"	0	0	0	3	5.44241771052179
"MM"	231	3	0	1.79	0	0	0	0	0.32	1.79	1.79	0	"No"	0	0	0	3	5.44241771052179
"MM"	231	3	0	1.79	0	0	0	0	0.256	1.79	1.79	0	"No"	0	0	0	3	5.44241771052179
"MM"	234	3	0	2.09	0	0	0	0	0.2048	2.09	1.79	0.3	"No"	0	0	0.3	3	5.4553211153577
"MM"	236	3	0	2.09	0	0	0	0	0.16384	2.09	1.79	0.3	"No"	0	0	0.3	3	5.46383180502561
"CH"	242	3	1	2.23	0	0	0	0	0.131072	2.23	1.99	0.24	"No"	0	0	0.24	3	5.48893772615669
"CH"	227	4	0	1.79	0	0	0	1	0.5	1.79	1.79	0	"No"	0	0	0	4	5.4249500174814
"CH"	251	4	1	2.23	0	0	0	0	0.6	2.23	1.99	0.24	"No"	0	0	0.24	4	5.52545293913178
"CH"	272	3	1	2.09	0	0.4	0	0	0.6	1.69	1.99	-0.3	"No"	0.191388	0	0.1	3	5.605802066296
"MM"	227	2	0	1.69	0	0	0	0	0.211886	1.69	1.69	0	"No"	0	0	0	2	5.4249500174814
"MM"	229	2	0	1.69	0	0	0	0	0.169509	1.69	1.69	0	"No"	0	0	0	2	5.43372200355424
"MM"	231	2	0	1.69	0.3	0	1	0	0.135607	1.69	1.39	0.3	"No"	0	0.177515	0	2	5.44241771052179
"MM"	233	2	0	1.69	0	0	0	0	0.108486	1.69	1.69	0	"No"	0	0	0	2	5.4510384535657
"MM"	237	2	0	1.99	0	0	0	0	0.086789	1.99	1.75	0.24	"No"	0	0	0.24	2	5.46806014113513
"MM"	249	2	1	2.09	0	0	0	0	0.069431	2.09	1.89	0.2	"No"	0	0	0.2	2	5.51745289646471
"MM"	250	2	1	2.09	0	0	0	0	0.055545	2.09	1.89	0.2	"No"	0	0	0.2	2	5.52146091786225
"MM"	251	2	1	2.09	0.13	0	0	0	0.044436	2.09	1.76	0.33	"No"	0	0.068783	0.2	2	5.52545293913178
"MM"	255	2	1	2.18	0.13	0	0	0	0.035549	2.18	1.76	0.42	"No"	0	0.068783	0.29	2	5.54126354515843
"MM"	256	3	1	2.29	0	0	0	0	0.028439	2.29	1.99	0.3	"No"	0	0	0.3	3	5.54517744447956
"MM"	256	2	1	2.18	0.13	0	0	0	0.022751	2.18	1.76	0.42	"No"	0	0.068783	0.29	2	5.54517744447956
"MM"	258	2	0	2.18	0	0	0	0	0.018201	2.18	1.86	0.32	"No"	0	0	0.32	2	5.55295958492162
"MM"	259	7	0	2.18	0	0	0	0	0.014561	2.18	1.86	0.32	"Yes"	0	0	0.32	0	5.55682806169954
"MM"	260	3	1	2.09	0	0	0	0	0.011649	2.09	1.99	0.1	"No"	0	0	0.1	3	5.56068163101553
"MM"	262	2	0	2.18	0	0.6	0	1	0.009319	1.58	1.86	-0.28	"No"	0.275229	0	0.32	2	5.5683445037611
"MM"	263	2	0	2.18	0	0	0	1	0.007455	2.18	1.86	0.32	"No"	0	0	0.32	2	5.57215403217776
"MM"	265	2	0	2.18	0	0	0	0	0.005964	2.18	1.86	0.32	"No"	0	0	0.32	2	5.57972982598622
"MM"	266	2	0	2.18	0	0	0	0	0.004771	2.18	1.86	0.32	"No"	0	0	0.32	2	5.5834963087817
"MM"	267	2	0	2.18	0	0.4	0	1	0.003817	1.78	1.86	-0.08	"No"	0.183486	0	0.32	2	5.58724865840025
"MM"	268	3	1	2.09	0.1	0	0	0	0.003054	2.09	1.89	0.2	"No"	0	0.050251	0.1	3	5.59098698051086
"CH"	269	2	0	2.18	0	0	0	0	0.002443	2.18	1.86	0.32	"No"	0	0	0.32	2	5.59471137960184
"CH"	270	2	0	2.18	0	0	0	0	0.201954	2.18	1.86	0.32	"No"	0	0	0.32	2	5.59842195899838
"MM"	271	3	1	2.09	0.1	0.4	1	0	0.361563	1.69	1.89	-0.2	"No"	0.191388	0.050251	0.1	3	5.6021188208797
"MM"	273	3	1	2.09	0	0.4	0	0	0.289251	1.69	1.99	-0.3	"No"	0.191388	0	0.1	3	5.60947179518496
"MM"	275	2	1	2.18	0	0.8	0	1	0.231401	1.38	1.96	-0.58	"No"	0.366972	0	0.22	2	5.61677109766657
"MM"	276	2	1	2.18	0	0	0	1	0.18512	2.18	1.99	0.19	"No"	0	0	0.19	2	5.62040086571715
"MM"	277	2	1	2.18	0	0	0	0	0.148096	2.18	1.99	0.19	"No"	0	0	0.19	2	5.62401750618734
"MM"	232	1	0	1.99	0	0	1	0	0.48	1.99	1.69	0.3	"No"	0	0	0.3	1	5.44673737166631
"CH"	227	1	0	1.69	0	0	0	0	0.6	1.69	1.69	0	"No"	0	0	0	1	5.4249500174814
"MM"	229	1	0	1.69	0	0	0	0	0.68	1.69	1.69	0	"No"	0	0	0	1	5.43372200355424
"MM"	230	1	0	1.69	0	0.2	0	0	0.544	1.49	1.69	-0.2	"No"	0.118343	0	0	1	5.4380793089232
"CH"	233	1	0	1.99	0	0	0	0	0.4352	1.99	1.69	0.3	"No"	0	0	0.3	1	5.4510384535657
"MM"	236	1	0	1.99	0	0	0	0	0.54816	1.99	1.75	0.24	"No"	0	0	0.24	1	5.46383180502561
"MM"	237	1	0	1.99	0	0	0	0	0.438528	1.99	1.75	0.24	"No"	0	0	0.24	1	5.46806014113513
"MM"	238	1	0	1.99	0	0	0	0	0.350822	1.99	1.75	0.24	"No"	0	0	0.24	1	5.47227067367148
"MM"	239	1	0	1.99	0	0.3	0	1	0.280658	1.69	1.75	-0.06	"No"	0.150754	0	0.24	1	5.47646355193151
"MM"	240	1	0	1.99	0	0.3	0	1	0.224526	1.69	1.75	-0.06	"No"	0.150754	0	0.24	1	5.48063892334199
"MM"	241	1	0	1.99	0	0.3	0	1	0.179621	1.69	1.86	-0.17	"No"	0.150754	0	0.13	1	5.48479693349065
"CH"	242	1	0	1.99	0	0.3	0	1	0.143697	1.69	1.86	-0.17	"No"	0.150754	0	0.13	1	5.48893772615669
"MM"	243	1	0	1.99	0	0.8	0	1	0.314957	1.19	1.86	-0.67	"No"	0.40201	0	0.13	1	5.49306144334055
"MM"	244	1	0	2.09	0	0	0	0	0.251966	2.09	1.86	0.23	"No"	0	0	0.23	1	5.4971682252932
"MM"	246	1	0	2.09	0	0	0	0	0.201573	2.09	1.86	0.23	"No"	0	0	0.23	1	5.50533153593236
"MM"	275	1	1	2.13	0	0.74	0	1	0.161258	1.39	1.96	-0.57	"No"	0.347418	0	0.17	1	5.61677109766657
"MM"	276	1	1	2.13	0	0	0	1	0.129007	2.13	1.99	0.14	"No"	0	0	0.14	1	5.62040086571715
"MM"	277	1	1	2.13	0.24	0	0	0	0.103205	2.13	1.75	0.38	"No"	0	0.120603	0.14	1	5.62401750618734
"MM"	278	1	1	2.13	0.24	0	0	0	0.082564	2.13	1.75	0.38	"No"	0	0.120603	0.14	1	5.62762111369064
"CH"	233	7	0	1.99	0	0.4	1	0	0.4	1.59	1.75	-0.16	"Yes"	0.201005	0	0.24	0	5.4510384535657
"CH"	254	7	0	2.18	0	0	0	0	0.52	2.18	1.86	0.32	"Yes"	0	0	0.32	0	5.53733426701854
"MM"	262	1	0	1.99	0	0.4	0	1	0.616	1.59	1.76	-0.17	"No"	0.201005	0	0.23	1	5.5683445037611
"CH"	264	7	0	2.13	0.37	0	1	0	0.4928	2.13	1.49	0.64	"Yes"	0	0.198925	0.27	0	5.57594910314632
"CH"	265	7	0	2.13	0.37	0	1	0	0.59424	2.13	1.49	0.64	"Yes"	0	0.198925	0.27	0	5.57972982598622
"CH"	269	7	0	2.13	0.27	0	1	0	0.675392	2.13	1.59	0.54	"Yes"	0	0.145161	0.27	0	5.59471137960184
"MM"	274	1	1	2.13	0	0.74	0	1	0.740314	1.39	1.96	-0.57	"No"	0.347418	0	0.17	1	5.61312810638807
"CH"	274	7	0	2.13	0.47	0.54	1	0	0.592251	1.59	1.39	0.2	"Yes"	0.253521	0.252688	0.27	0	5.61312810638807
"CH"	269	3	1	2.09	0.1	0	0	0	0.5	2.09	1.89	0.2	"No"	0	0.050251	0.1	3	5.59471137960184
"MM"	271	3	1	2.09	0.1	0.4	1	0	0.6	1.69	1.89	-0.2	"No"	0.191388	0.050251	0.1	3	5.6021188208797
"MM"	253	7	0	2.09	0.1	0	0	0	0.5	2.09	1.76	0.33	"Yes"	0	0.053763	0.23	0	5.53338948872752
"MM"	275	2	1	2.18	0	0.8	0	1	0.4	1.38	1.96	-0.58	"No"	0.366972	0	0.22	2	5.61677109766657
"MM"	229	7	0	1.69	0	0.2	0	1	0.5	1.49	1.69	-0.2	"Yes"	0.118343	0	0	0	5.43372200355424
"MM"	239	4	0	2.23	0	0	0	0	0.4	2.23	1.79	0.44	"No"	0	0	0.44	4	5.47646355193151
"MM"	243	4	1	2.23	0	0	0	0	0.32	2.23	1.99	0.24	"No"	0	0	0.24	4	5.49306144334055
"MM"	258	7	0	2.18	0	0	0	0	0.256	2.18	1.86	0.32	"Yes"	0	0	0.32	0	5.55295958492162
"CH"	229	7	0	1.69	0	0.2	0	1	0.6	1.49	1.69	-0.2	"Yes"	0.118343	0	0	0	5.43372200355424
"MM"	231	7	0	1.99	0	0	0	0	0.68	1.99	1.69	0.3	"Yes"	0	0	0.3	0	5.44241771052179
"CH"	254	7	0	2.18	0	0	0	0	0.544	2.18	1.86	0.32	"Yes"	0	0	0.32	0	5.53733426701854
"MM"	275	7	1	2.13	0	0.54	1	0	0.6352	1.59	1.99	-0.4	"Yes"	0.253521	0	0.14	0	5.61677109766657
"MM"	228	2	0	1.69	0	0	0	0	0.4	1.69	1.69	0	"No"	0	0	0	2	5.42934562895444
"MM"	263	2	0	2.18	0	0	0	1	0.32	2.18	1.86	0.32	"No"	0	0	0.32	2	5.57215403217776
"MM"	227	3	0	1.79	0	0	0	1	0.16384	1.79	1.79	0	"No"	0	0	0	3	5.4249500174814
"MM"	235	3	0	2.09	0	0	0	0	0.131072	2.09	1.79	0.3	"No"	0	0	0.3	3	5.45958551414416
"MM"	238	3	0	2.09	0	0	0	0	0.104858	2.09	1.79	0.3	"No"	0	0	0.3	3	5.47227067367148
"MM"	260	3	1	2.09	0	0	0	0	0.083886	2.09	1.99	0.1	"No"	0	0	0.1	3	5.56068163101553
"CH"	272	3	1	2.09	0	0.4	0	0	0.067109	1.69	1.99	-0.3	"No"	0.191388	0	0.1	3	5.605802066296
"MM"	272	3	1	2.09	0	0.4	0	0	0.253687	1.69	1.99	-0.3	"No"	0.191388	0	0.1	3	5.605802066296
"CH"	229	7	0	1.69	0	0.2	0	1	0.4	1.49	1.69	-0.2	"Yes"	0.118343	0	0	0	5.43372200355424
"CH"	230	7	0	1.99	0	0	0	1	0.5648	1.99	1.69	0.3	"Yes"	0	0	0.3	0	5.4380793089232
"CH"	231	7	0	1.99	0	0	0	0	0.65184	1.99	1.69	0.3	"Yes"	0	0	0.3	0	5.44241771052179
"CH"	232	7	0	1.99	0	0.4	1	1	0.721472	1.59	1.69	-0.1	"Yes"	0.201005	0	0.3	0	5.44673737166631
"CH"	233	7	0	1.99	0	0.4	1	0	0.777178	1.59	1.75	-0.16	"Yes"	0.201005	0	0.24	0	5.4510384535657
"CH"	233	7	0	1.99	0	0.4	1	0	0.821742	1.59	1.75	-0.16	"Yes"	0.201005	0	0.24	0	5.4510384535657
"CH"	234	1	0	1.99	0	0	0	0	0.857394	1.99	1.69	0.3	"No"	0	0	0.3	1	5.4553211153577
"CH"	235	7	0	1.99	0	0.4	0	0	0.885915	1.59	1.75	-0.16	"Yes"	0.201005	0	0.24	0	5.45958551414416
"CH"	236	7	0	1.99	0	0.4	0	0	0.908732	1.59	1.75	-0.16	"Yes"	0.201005	0	0.24	0	5.46383180502561
"CH"	237	7	0	1.99	0	0.4	0	0	0.926986	1.59	1.75	-0.16	"Yes"	0.201005	0	0.24	0	5.46806014113513
"CH"	240	7	0	2.09	0	0	0	0	0.941588	2.09	1.86	0.23	"Yes"	0	0	0.23	0	5.48063892334199
"MM"	240	7	0	2.09	0	0	0	0	0.953271	2.09	1.86	0.23	"Yes"	0	0	0.23	0	5.48063892334199
"MM"	244	7	0	2.09	0	0.2	0	0	0.762617	1.89	1.86	0.03	"Yes"	0.095694	0	0.23	0	5.4971682252932
"CH"	252	2	1	2.09	0.13	0	0	0	0.610093	2.09	1.76	0.33	"No"	0	0.068783	0.2	2	5.52942908751142
"MM"	254	4	1	2.29	0	0	1	0	0.688075	2.29	1.99	0.3	"No"	0	0	0.3	4	5.53733426701854
"CH"	256	2	1	2.18	0.13	0	0	0	0.55046	2.18	1.76	0.42	"No"	0	0.068783	0.29	2	5.54517744447956
"CH"	258	4	1	2.29	0	0	0	0	0.640368	2.29	1.99	0.3	"No"	0	0	0.3	4	5.55295958492162
"CH"	260	7	0	2.13	0	0.24	0	0	0.712294	1.89	1.86	0.03	"Yes"	0.112676	0	0.27	0	5.56068163101553
"CH"	260	7	0	2.13	0	0.24	0	0	0.769835	1.89	1.86	0.03	"Yes"	0.112676	0	0.27	0	5.56068163101553
"CH"	260	1	0	1.99	0	0.2	0	0	0.815868	1.79	1.76	0.03	"No"	0.100503	0	0.23	1	5.56068163101553
"CH"	263	7	0	2.13	0.27	0	0	0	0.852695	2.13	1.59	0.54	"Yes"	0	0.145161	0.27	0	5.57215403217776
"CH"	265	7	0	2.13	0.37	0	1	0	0.882156	2.13	1.49	0.64	"Yes"	0	0.198925	0.27	0	5.57972982598622
"CH"	265	7	0	2.13	0.37	0	1	0	0.905725	2.13	1.49	0.64	"Yes"	0	0.198925	0.27	0	5.57972982598622
"CH"	269	4	1	2.09	0.1	0	0	0	0.92458	2.09	1.89	0.2	"No"	0	0.050251	0.1	4	5.59471137960184
"CH"	270	7	0	2.13	0.27	0	1	0	0.939664	2.13	1.59	0.54	"Yes"	0	0.145161	0.27	0	5.59842195899838
"CH"	272	4	1	2.09	0	0.4	0	0	0.951731	1.69	1.99	-0.3	"No"	0.191388	0	0.1	4	5.605802066296
"CH"	277	7	1	2.13	0.5	0	0	1	0.961385	2.13	1.49	0.64	"Yes"	0	0.251256	0.14	0	5.62401750618734
"MM"	228	1	0	1.69	0	0	0	0	0.5	1.69	1.69	0	"No"	0	0	0	1	5.42934562895444
"MM"	228	1	0	1.69	0	0	0	0	0.4	1.69	1.69	0	"No"	0	0	0	1	5.42934562895444
"MM"	233	1	0	1.99	0	0	0	0	0.5	1.99	1.69	0.3	"No"	0	0	0.3	1	5.4510384535657
"MM"	235	1	0	1.99	0	0	0	0	0.4	1.99	1.69	0.3	"No"	0	0	0.3	1	5.45958551414416
"CH"	237	7	0	1.99	0	0.4	0	0	0.32	1.59	1.75	-0.16	"Yes"	0.201005	0	0.24	0	5.46806014113513
"CH"	238	1	0	1.99	0	0	0	0	0.456	1.99	1.75	0.24	"No"	0	0	0.24	1	5.47227067367148
"CH"	238	1	0	1.99	0	0	0	0	0.5648	1.99	1.75	0.24	"No"	0	0	0.24	1	5.47227067367148
"CH"	239	1	0	1.99	0	0.3	0	1	0.65184	1.69	1.75	-0.06	"No"	0.150754	0	0.24	1	5.47646355193151
"CH"	240	1	0	1.99	0	0.3	0	1	0.721472	1.69	1.75	-0.06	"No"	0.150754	0	0.24	1	5.48063892334199
"CH"	241	1	0	1.99	0	0.3	0	1	0.777178	1.69	1.86	-0.17	"No"	0.150754	0	0.13	1	5.48479693349065
"CH"	252	1	0	2.09	0	0	0	0	0.821742	2.09	1.76	0.33	"No"	0	0	0.33	1	5.52942908751142
"CH"	253	1	0	2.09	0	0	0	0	0.857394	2.09	1.76	0.33	"No"	0	0	0.33	1	5.53338948872752
"CH"	255	1	0	2.18	0	0	0	0	0.885915	2.18	1.76	0.42	"No"	0	0	0.42	1	5.54126354515843
"CH"	256	1	0	2.18	0	0	0	0	0.908732	2.18	1.76	0.42	"No"	0	0	0.42	1	5.54517744447956
"MM"	228	7	0	1.69	0	0	0	0	0.744	1.69	1.69	0	"Yes"	0	0	0	0	5.42934562895444
"CH"	230	7	0	1.99	0	0	0	1	0.5952	1.99	1.69	0.3	"Yes"	0	0	0.3	0	5.4380793089232
"CH"	231	7	0	1.99	0	0	0	0	0.67616	1.99	1.69	0.3	"Yes"	0	0	0.3	0	5.44241771052179
"CH"	237	7	0	1.99	0	0.4	0	0	0.740928	1.59	1.75	-0.16	"Yes"	0.201005	0	0.24	0	5.46806014113513
"CH"	238	7	0	1.99	0	0.4	0	0	0.792742	1.59	1.75	-0.16	"Yes"	0.201005	0	0.24	0	5.47227067367148
"CH"	243	2	0	2.09	0	0	0	1	0.834194	2.09	1.86	0.23	"No"	0	0	0.23	2	5.49306144334055
"MM"	227	1	0	1.69	0	0	0	0	0.32	1.69	1.69	0	"No"	0	0	0	1	5.4249500174814
"CH"	228	7	0	1.69	0	0	0	0	0.256	1.69	1.69	0	"Yes"	0	0	0	0	5.42934562895444
"CH"	232	1	0	1.99	0	0	1	0	0.4048	1.99	1.69	0.3	"No"	0	0	0.3	1	5.44673737166631
"CH"	233	7	0	1.99	0	0.4	1	0	0.52384	1.59	1.75	-0.16	"Yes"	0.201005	0	0.24	0	5.4510384535657
"CH"	235	1	0	1.99	0	0	0	0	0.619072	1.99	1.69	0.3	"No"	0	0	0.3	1	5.45958551414416
"MM"	236	1	0	1.99	0	0	0	0	0.695258	1.99	1.75	0.24	"No"	0	0	0.24	1	5.46383180502561
"MM"	242	1	0	1.99	0	0.3	0	1	0.556206	1.69	1.86	-0.17	"No"	0.150754	0	0.13	1	5.48893772615669
"MM"	245	7	0	2.09	0	0.2	0	0	0.444965	1.89	1.86	0.03	"Yes"	0.095694	0	0.23	0	5.50125821054473
"CH"	251	1	0	2.09	0	0	0	0	0.355972	2.09	1.76	0.33	"No"	0	0	0.33	1	5.52545293913178
"CH"	251	7	0	2.09	0.1	0	0	0	0.484778	2.09	1.76	0.33	"Yes"	0	0.053763	0.23	0	5.52545293913178
"CH"	252	7	0	2.09	0.1	0	0	0	0.587822	2.09	1.76	0.33	"Yes"	0	0.053763	0.23	0	5.52942908751142
"CH"	256	7	0	2.18	0	0	0	0	0.670258	2.18	1.86	0.32	"Yes"	0	0	0.32	0	5.54517744447956
"MM"	257	7	0	2.18	0	0	0	0	0.736206	2.18	1.86	0.32	"Yes"	0	0	0.32	0	5.54907608489522
"CH"	261	7	0	2.13	0	0.24	0	0	0.588965	1.89	1.86	0.03	"Yes"	0.112676	0	0.27	0	5.56452040732269
"CH"	270	1	0	2.18	0	0	0	0	0.671172	2.18	1.86	0.32	"No"	0	0	0.32	1	5.59842195899838
